module,column,code,year,label,claimed,cited_years,cited_years_actually_say,self_consistent
03,p301a,7,2017,Superior no univ. incompleta,Superior no univ. Incompleta,"2004,2005,2006,2007,2008,2009,2010,2011,2012,2013,2014,2015,2016,2019,2020,2023,2024,2025",2004=Superior no Universitaria Incompleta|2005=Superior no Universitaria Incompleta|2006=Superior no Universitaria Incompleta|2007=Superior no Universitaria Incompleta|2008=Superior no Universitaria Incompleta|2009=Superior no Universitaria Incompleta|2010=Superior no Universitaria Incompleta|2011=Superior no Universitaria Incompleta|2012=Superior no Universitaria Incompleta|2013=Superior noUniversitaria Incompleta|2014=Superior no Universitaria Incompleta|2015=Superior no Universitaria Incompleta|2016=Superior no Universitaria Incompleta|2019=Superior no Universitaria Incompleta|2020=Superior no universitaria incompleta|2023=Superior no universitaria Incompleta|2024=Superior no universitaria Incompleta|2025=Superior no universitaria Incompleta,True
03,p301a,8,2017,Superior no univ. completa,Superior no univ. completa,"2004,2005,2006,2007,2008,2009,2010,2011,2012,2013,2014,2015,2016,2019,2020,2023,2024,2025",2004=Superior no Universitaria Completa|2005=Superior no Universitaria Completa|2006=Superior no Universitaria Completa|2007=Superior no UniversitariaCompleta|2008=Superior no Universitaria Completa|2009=Superior no Universitaria Completa|2010=Superior no Universitaria Completa|2011=Superior no Universitaria Completa|2012=Superior no Universitaria Completa|2013=Superior no UniversitariaCompleta|2014=Superior no UniversitariaCompleta|2015=Superior no UniversitariaCompleta|2016=Superior no Universitaria Completa|2019=Superior no Universitaria Completa|2020=Superior no Universitaria completa|2023=Superior no universitaria completa|2024=Superior no universitaria completa|2025=Superior no universitaria completa,True
03,p301a,9,2017,Superior univ. incompleta,Superior univ. incompleta,"2004,2005,2006,2007,2008,2009,2010,2011,2012,2013,2014,2015,2016,2019,2020,2023,2024,2025",2004=Superior Universitaria Incompleta|2005=Superior Universitaria Incompleta|2006=Superior Universitaria Incompleta|2007=Superior Universitaria Incompleta|2008=Superior Universitaria Incompleta|2009=Superior Universitaria Incompleta|2010=Superior Universitaria Incompleta|2011=Superior Universitaria Incompleta|2012=Superior Universitaria Incompleta|2013=Superior Universitaria Incompleta|2014=Superior Universitaria Incompleta|2015=Superior Universitaria Incompleta|2016=Superior Universitaria Incompleta|2019=Superior Universitaria Incompleta|2020=Superior Universitaria Incompleta|2023=Superior universitaria incompleta|2024=Superior universitaria incompleta|2025=Superior universitaria incompleta,True
03,p301a,10,2017,Superior univ. completa,Superior univ. completa,"2004,2005,2006,2007,2008,2009,2010,2011,2012,2013,2014,2015,2016,2019,2020,2023,2024,2025",2004=Superior Universitaria Completa|2005=Superior Universitaria Completa|2006=Superior Universitaria Completa|2007=Superior UniversitariaCompleta|2008=Superior Universitaria Completa|2009=Superior Universitaria Completa|2010=Superior Universitaria Completa|2011=Superior Universitaria Completa|2012=Superior Universitaria Completa|2013=Superior UniversitariaCompleta|2014=Superior UniversitariaCompleta|2015=Superior UniversitariaCompleta|2016=Superior Universitaria Completa|2019=Superior Universitaria Completa|2020=Superior Universitaria Completa|2023=Superior universitaria completa|2024=Superior universitaria completa|2025=Superior universitaria completa,True
03,p301a,7,2018,Superior no univ. incompleta,Superior no univ. Incompleta,"2004,2005,2006,2007,2008,2009,2010,2011,2012,2013,2014,2015,2016,2019,2020,2023,2024,2025",2004=Superior no Universitaria Incompleta|2005=Superior no Universitaria Incompleta|2006=Superior no Universitaria Incompleta|2007=Superior no Universitaria Incompleta|2008=Superior no Universitaria Incompleta|2009=Superior no Universitaria Incompleta|2010=Superior no Universitaria Incompleta|2011=Superior no Universitaria Incompleta|2012=Superior no Universitaria Incompleta|2013=Superior noUniversitaria Incompleta|2014=Superior no Universitaria Incompleta|2015=Superior no Universitaria Incompleta|2016=Superior no Universitaria Incompleta|2019=Superior no Universitaria Incompleta|2020=Superior no universitaria incompleta|2023=Superior no universitaria Incompleta|2024=Superior no universitaria Incompleta|2025=Superior no universitaria Incompleta,True
03,p301a,8,2018,Superior no univ. completa,Superior no univ. completa,"2004,2005,2006,2007,2008,2009,2010,2011,2012,2013,2014,2015,2016,2019,2020,2023,2024,2025",2004=Superior no Universitaria Completa|2005=Superior no Universitaria Completa|2006=Superior no Universitaria Completa|2007=Superior no UniversitariaCompleta|2008=Superior no Universitaria Completa|2009=Superior no Universitaria Completa|2010=Superior no Universitaria Completa|2011=Superior no Universitaria Completa|2012=Superior no Universitaria Completa|2013=Superior no UniversitariaCompleta|2014=Superior no UniversitariaCompleta|2015=Superior no UniversitariaCompleta|2016=Superior no Universitaria Completa|2019=Superior no Universitaria Completa|2020=Superior no Universitaria completa|2023=Superior no universitaria completa|2024=Superior no universitaria completa|2025=Superior no universitaria completa,True
03,p301a,9,2018,Superior univ. incompleta,Superior univ. incompleta,"2004,2005,2006,2007,2008,2009,2010,2011,2012,2013,2014,2015,2016,2019,2020,2023,2024,2025",2004=Superior Universitaria Incompleta|2005=Superior Universitaria Incompleta|2006=Superior Universitaria Incompleta|2007=Superior Universitaria Incompleta|2008=Superior Universitaria Incompleta|2009=Superior Universitaria Incompleta|2010=Superior Universitaria Incompleta|2011=Superior Universitaria Incompleta|2012=Superior Universitaria Incompleta|2013=Superior Universitaria Incompleta|2014=Superior Universitaria Incompleta|2015=Superior Universitaria Incompleta|2016=Superior Universitaria Incompleta|2019=Superior Universitaria Incompleta|2020=Superior Universitaria Incompleta|2023=Superior universitaria incompleta|2024=Superior universitaria incompleta|2025=Superior universitaria incompleta,True
03,p301a,10,2018,Superior univ. completa,Superior univ. completa,"2004,2005,2006,2007,2008,2009,2010,2011,2012,2013,2014,2015,2016,2019,2020,2023,2024,2025",2004=Superior Universitaria Completa|2005=Superior Universitaria Completa|2006=Superior Universitaria Completa|2007=Superior UniversitariaCompleta|2008=Superior Universitaria Completa|2009=Superior Universitaria Completa|2010=Superior Universitaria Completa|2011=Superior Universitaria Completa|2012=Superior Universitaria Completa|2013=Superior UniversitariaCompleta|2014=Superior UniversitariaCompleta|2015=Superior UniversitariaCompleta|2016=Superior Universitaria Completa|2019=Superior Universitaria Completa|2020=Superior Universitaria Completa|2023=Superior universitaria completa|2024=Superior universitaria completa|2025=Superior universitaria completa,True
03,p301a,7,2021,Superior no univ. incompleta,Superior no univ. Incompleta,"2004,2005,2006,2007,2008,2009,2010,2011,2012,2013,2014,2015,2016,2019,2020,2023,2024,2025",2004=Superior no Universitaria Incompleta|2005=Superior no Universitaria Incompleta|2006=Superior no Universitaria Incompleta|2007=Superior no Universitaria Incompleta|2008=Superior no Universitaria Incompleta|2009=Superior no Universitaria Incompleta|2010=Superior no Universitaria Incompleta|2011=Superior no Universitaria Incompleta|2012=Superior no Universitaria Incompleta|2013=Superior noUniversitaria Incompleta|2014=Superior no Universitaria Incompleta|2015=Superior no Universitaria Incompleta|2016=Superior no Universitaria Incompleta|2019=Superior no Universitaria Incompleta|2020=Superior no universitaria incompleta|2023=Superior no universitaria Incompleta|2024=Superior no universitaria Incompleta|2025=Superior no universitaria Incompleta,True
03,p301a,8,2021,Superior no univ. completa,Superior no univ. completa,"2004,2005,2006,2007,2008,2009,2010,2011,2012,2013,2014,2015,2016,2019,2020,2023,2024,2025",2004=Superior no Universitaria Completa|2005=Superior no Universitaria Completa|2006=Superior no Universitaria Completa|2007=Superior no UniversitariaCompleta|2008=Superior no Universitaria Completa|2009=Superior no Universitaria Completa|2010=Superior no Universitaria Completa|2011=Superior no Universitaria Completa|2012=Superior no Universitaria Completa|2013=Superior no UniversitariaCompleta|2014=Superior no UniversitariaCompleta|2015=Superior no UniversitariaCompleta|2016=Superior no Universitaria Completa|2019=Superior no Universitaria Completa|2020=Superior no Universitaria completa|2023=Superior no universitaria completa|2024=Superior no universitaria completa|2025=Superior no universitaria completa,True
03,p301a,9,2021,Superior univ. incompleta,Superior univ. incompleta,"2004,2005,2006,2007,2008,2009,2010,2011,2012,2013,2014,2015,2016,2019,2020,2023,2024,2025",2004=Superior Universitaria Incompleta|2005=Superior Universitaria Incompleta|2006=Superior Universitaria Incompleta|2007=Superior Universitaria Incompleta|2008=Superior Universitaria Incompleta|2009=Superior Universitaria Incompleta|2010=Superior Universitaria Incompleta|2011=Superior Universitaria Incompleta|2012=Superior Universitaria Incompleta|2013=Superior Universitaria Incompleta|2014=Superior Universitaria Incompleta|2015=Superior Universitaria Incompleta|2016=Superior Universitaria Incompleta|2019=Superior Universitaria Incompleta|2020=Superior Universitaria Incompleta|2023=Superior universitaria incompleta|2024=Superior universitaria incompleta|2025=Superior universitaria incompleta,True
03,p301a,10,2021,Superior univ. completa,Superior univ. completa,"2004,2005,2006,2007,2008,2009,2010,2011,2012,2013,2014,2015,2016,2019,2020,2023,2024,2025",2004=Superior Universitaria Completa|2005=Superior Universitaria Completa|2006=Superior Universitaria Completa|2007=Superior UniversitariaCompleta|2008=Superior Universitaria Completa|2009=Superior Universitaria Completa|2010=Superior Universitaria Completa|2011=Superior Universitaria Completa|2012=Superior Universitaria Completa|2013=Superior UniversitariaCompleta|2014=Superior UniversitariaCompleta|2015=Superior UniversitariaCompleta|2016=Superior Universitaria Completa|2019=Superior Universitaria Completa|2020=Superior Universitaria Completa|2023=Superior universitaria completa|2024=Superior universitaria completa|2025=Superior universitaria completa,True
03,p301a,7,2022,Superior no univ. incompleta,Superior no univ. Incompleta,"2004,2005,2006,2007,2008,2009,2010,2011,2012,2013,2014,2015,2016,2019,2020,2023,2024,2025",2004=Superior no Universitaria Incompleta|2005=Superior no Universitaria Incompleta|2006=Superior no Universitaria Incompleta|2007=Superior no Universitaria Incompleta|2008=Superior no Universitaria Incompleta|2009=Superior no Universitaria Incompleta|2010=Superior no Universitaria Incompleta|2011=Superior no Universitaria Incompleta|2012=Superior no Universitaria Incompleta|2013=Superior noUniversitaria Incompleta|2014=Superior no Universitaria Incompleta|2015=Superior no Universitaria Incompleta|2016=Superior no Universitaria Incompleta|2019=Superior no Universitaria Incompleta|2020=Superior no universitaria incompleta|2023=Superior no universitaria Incompleta|2024=Superior no universitaria Incompleta|2025=Superior no universitaria Incompleta,True
03,p301a,8,2022,Superior no univ. completa,Superior no univ. completa,"2004,2005,2006,2007,2008,2009,2010,2011,2012,2013,2014,2015,2016,2019,2020,2023,2024,2025",2004=Superior no Universitaria Completa|2005=Superior no Universitaria Completa|2006=Superior no Universitaria Completa|2007=Superior no UniversitariaCompleta|2008=Superior no Universitaria Completa|2009=Superior no Universitaria Completa|2010=Superior no Universitaria Completa|2011=Superior no Universitaria Completa|2012=Superior no Universitaria Completa|2013=Superior no UniversitariaCompleta|2014=Superior no UniversitariaCompleta|2015=Superior no UniversitariaCompleta|2016=Superior no Universitaria Completa|2019=Superior no Universitaria Completa|2020=Superior no Universitaria completa|2023=Superior no universitaria completa|2024=Superior no universitaria completa|2025=Superior no universitaria completa,True
03,p301a,9,2022,Superior univ. incompleta,Superior univ. incompleta,"2004,2005,2006,2007,2008,2009,2010,2011,2012,2013,2014,2015,2016,2019,2020,2023,2024,2025",2004=Superior Universitaria Incompleta|2005=Superior Universitaria Incompleta|2006=Superior Universitaria Incompleta|2007=Superior Universitaria Incompleta|2008=Superior Universitaria Incompleta|2009=Superior Universitaria Incompleta|2010=Superior Universitaria Incompleta|2011=Superior Universitaria Incompleta|2012=Superior Universitaria Incompleta|2013=Superior Universitaria Incompleta|2014=Superior Universitaria Incompleta|2015=Superior Universitaria Incompleta|2016=Superior Universitaria Incompleta|2019=Superior Universitaria Incompleta|2020=Superior Universitaria Incompleta|2023=Superior universitaria incompleta|2024=Superior universitaria incompleta|2025=Superior universitaria incompleta,True
03,p301a,10,2022,Superior univ. completa,Superior univ. completa,"2004,2005,2006,2007,2008,2009,2010,2011,2012,2013,2014,2015,2016,2019,2020,2023,2024,2025",2004=Superior Universitaria Completa|2005=Superior Universitaria Completa|2006=Superior Universitaria Completa|2007=Superior UniversitariaCompleta|2008=Superior Universitaria Completa|2009=Superior Universitaria Completa|2010=Superior Universitaria Completa|2011=Superior Universitaria Completa|2012=Superior Universitaria Completa|2013=Superior UniversitariaCompleta|2014=Superior UniversitariaCompleta|2015=Superior UniversitariaCompleta|2016=Superior Universitaria Completa|2019=Superior Universitaria Completa|2020=Superior Universitaria Completa|2023=Superior universitaria completa|2024=Superior universitaria completa|2025=Superior universitaria completa,True
03,p304a,4,2017,Superior no univ.,Superior no univ.,"2004,2005,2006,2007,2008,2009,2010,2011,2012,2013,2014,2015,2016,2019,2020,2023,2024,2025",2004=Superior No Universitaria|2005=Superior No Universitaria|2006=Superior No Universitaria|2007=Superior No Universitaria|2008=Superior No Universitaria|2009=Superior No Universitaria|2010=Superior No Universitaria|2011=Superior No Universitaria|2012=Superior No Universitaria|2013=Superior No Universitaria|2014=Superior No Universitaria|2015=Superior No Universitaria|2016=Superior No Universitaria|2019=Superior No Universitaria|2020=Superior No Universitaria|2023=Superior no universitaria|2024=Superior no universitaria|2025=Superior no universitaria,True
03,p304a,5,2017,Superior univ.,Superior univ.,"2004,2005,2006,2007,2008,2009,2010,2011,2012,2013,2014,2015,2016,2019,2020,2023,2024,2025",2004=Superior Universitaria|2005=Superior Universitaria|2006=Superior Universitaria|2007=Superior Universitaria|2008=Superior Universitaria|2009=Superior Universitaria|2010=Superior Universitaria|2011=Superior Universitaria|2012=Superior Universitaria|2013=Superior Universitaria|2014=Superior Universitaria|2015=Superior Universitaria|2016=Superior Universitaria|2019=Superior Universitaria|2020=Superior Universitaria|2023=Superior universitaria|2024=Superior universitaria|2025=Superior universitaria,True
03,p304a,4,2018,Superior no univ.,Superior no univ.,"2004,2005,2006,2007,2008,2009,2010,2011,2012,2013,2014,2015,2016,2019,2020,2023,2024,2025",2004=Superior No Universitaria|2005=Superior No Universitaria|2006=Superior No Universitaria|2007=Superior No Universitaria|2008=Superior No Universitaria|2009=Superior No Universitaria|2010=Superior No Universitaria|2011=Superior No Universitaria|2012=Superior No Universitaria|2013=Superior No Universitaria|2014=Superior No Universitaria|2015=Superior No Universitaria|2016=Superior No Universitaria|2019=Superior No Universitaria|2020=Superior No Universitaria|2023=Superior no universitaria|2024=Superior no universitaria|2025=Superior no universitaria,True
03,p304a,5,2018,Superior univ.,Superior univ.,"2004,2005,2006,2007,2008,2009,2010,2011,2012,2013,2014,2015,2016,2019,2020,2023,2024,2025",2004=Superior Universitaria|2005=Superior Universitaria|2006=Superior Universitaria|2007=Superior Universitaria|2008=Superior Universitaria|2009=Superior Universitaria|2010=Superior Universitaria|2011=Superior Universitaria|2012=Superior Universitaria|2013=Superior Universitaria|2014=Superior Universitaria|2015=Superior Universitaria|2016=Superior Universitaria|2019=Superior Universitaria|2020=Superior Universitaria|2023=Superior universitaria|2024=Superior universitaria|2025=Superior universitaria,True
03,p304a,4,2021,Superior no univ.,Superior no univ.,"2004,2005,2006,2007,2008,2009,2010,2011,2012,2013,2014,2015,2016,2019,2020,2023,2024,2025",2004=Superior No Universitaria|2005=Superior No Universitaria|2006=Superior No Universitaria|2007=Superior No Universitaria|2008=Superior No Universitaria|2009=Superior No Universitaria|2010=Superior No Universitaria|2011=Superior No Universitaria|2012=Superior No Universitaria|2013=Superior No Universitaria|2014=Superior No Universitaria|2015=Superior No Universitaria|2016=Superior No Universitaria|2019=Superior No Universitaria|2020=Superior No Universitaria|2023=Superior no universitaria|2024=Superior no universitaria|2025=Superior no universitaria,True
03,p304a,5,2021,Superior univ.,Superior univ.,"2004,2005,2006,2007,2008,2009,2010,2011,2012,2013,2014,2015,2016,2019,2020,2023,2024,2025",2004=Superior Universitaria|2005=Superior Universitaria|2006=Superior Universitaria|2007=Superior Universitaria|2008=Superior Universitaria|2009=Superior Universitaria|2010=Superior Universitaria|2011=Superior Universitaria|2012=Superior Universitaria|2013=Superior Universitaria|2014=Superior Universitaria|2015=Superior Universitaria|2016=Superior Universitaria|2019=Superior Universitaria|2020=Superior Universitaria|2023=Superior universitaria|2024=Superior universitaria|2025=Superior universitaria,True
03,p304a,4,2022,Superior no univ.,Superior no univ.,"2004,2005,2006,2007,2008,2009,2010,2011,2012,2013,2014,2015,2016,2019,2020,2023,2024,2025",2004=Superior No Universitaria|2005=Superior No Universitaria|2006=Superior No Universitaria|2007=Superior No Universitaria|2008=Superior No Universitaria|2009=Superior No Universitaria|2010=Superior No Universitaria|2011=Superior No Universitaria|2012=Superior No Universitaria|2013=Superior No Universitaria|2014=Superior No Universitaria|2015=Superior No Universitaria|2016=Superior No Universitaria|2019=Superior No Universitaria|2020=Superior No Universitaria|2023=Superior no universitaria|2024=Superior no universitaria|2025=Superior no universitaria,True
03,p304a,5,2022,Superior univ.,Superior univ.,"2004,2005,2006,2007,2008,2009,2010,2011,2012,2013,2014,2015,2016,2019,2020,2023,2024,2025",2004=Superior Universitaria|2005=Superior Universitaria|2006=Superior Universitaria|2007=Superior Universitaria|2008=Superior Universitaria|2009=Superior Universitaria|2010=Superior Universitaria|2011=Superior Universitaria|2012=Superior Universitaria|2013=Superior Universitaria|2014=Superior Universitaria|2015=Superior Universitaria|2016=Superior Universitaria|2019=Superior Universitaria|2020=Superior Universitaria|2023=Superior universitaria|2024=Superior universitaria|2025=Superior universitaria,True
03,p308a,4,2017,Superior no univ.,Superior no univ.,"2004,2005,2006,2007,2008,2009,2010,2011,2012,2013,2014,2015,2016,2019,2020,2023,2024,2025",2004=Superior No Universitaria|2005=Superior No Universitaria|2006=Superior No Universitaria|2007=Superior No Universitaria|2008=Superior No Universitaria|2009=Superior No Universitaria|2010=Superior No Universitaria|2011=Superior No Universitaria|2012=Superior No Universitaria|2013=Superior NoUniversitaria|2014=Superior No Universitaria|2015=Superior No Universitaria|2016=Superior No Universitaria|2019=Superior No Universitaria|2023=Superior no universitaria|2024=Superior no universitaria|2025=Superior no universitaria,True
03,p308a,5,2017,Superior univ.,Superior univ.,"2004,2005,2006,2007,2008,2009,2010,2011,2012,2013,2014,2015,2016,2019,2020,2023,2024,2025",2004=Superior Universitaria|2005=Superior Universitaria|2006=Superior Universitaria|2007=Superior Universitaria|2008=Superior Universitaria|2009=Superior Universitaria|2010=Superior Universitaria|2011=Superior Universitaria|2012=Superior Universitaria|2013=Superior Universitaria|2014=Superior Universitaria|2015=Superior Universitaria|2016=Superior Universitaria|2019=Superior Universitaria|2023=Superior universitaria|2024=Superior universitaria|2025=Superior universitaria,True
03,p308a,4,2018,Superior no univ.,Superior no univ.,"2004,2005,2006,2007,2008,2009,2010,2011,2012,2013,2014,2015,2016,2019,2020,2023,2024,2025",2004=Superior No Universitaria|2005=Superior No Universitaria|2006=Superior No Universitaria|2007=Superior No Universitaria|2008=Superior No Universitaria|2009=Superior No Universitaria|2010=Superior No Universitaria|2011=Superior No Universitaria|2012=Superior No Universitaria|2013=Superior NoUniversitaria|2014=Superior No Universitaria|2015=Superior No Universitaria|2016=Superior No Universitaria|2019=Superior No Universitaria|2023=Superior no universitaria|2024=Superior no universitaria|2025=Superior no universitaria,True
03,p308a,5,2018,Superior univ.,Superior univ.,"2004,2005,2006,2007,2008,2009,2010,2011,2012,2013,2014,2015,2016,2019,2020,2023,2024,2025",2004=Superior Universitaria|2005=Superior Universitaria|2006=Superior Universitaria|2007=Superior Universitaria|2008=Superior Universitaria|2009=Superior Universitaria|2010=Superior Universitaria|2011=Superior Universitaria|2012=Superior Universitaria|2013=Superior Universitaria|2014=Superior Universitaria|2015=Superior Universitaria|2016=Superior Universitaria|2019=Superior Universitaria|2023=Superior universitaria|2024=Superior universitaria|2025=Superior universitaria,True
03,p308a,4,2021,Superior no univ.,Superior no univ.,"2004,2005,2006,2007,2008,2009,2010,2011,2012,2013,2014,2015,2016,2019,2020,2023,2024,2025",2004=Superior No Universitaria|2005=Superior No Universitaria|2006=Superior No Universitaria|2007=Superior No Universitaria|2008=Superior No Universitaria|2009=Superior No Universitaria|2010=Superior No Universitaria|2011=Superior No Universitaria|2012=Superior No Universitaria|2013=Superior NoUniversitaria|2014=Superior No Universitaria|2015=Superior No Universitaria|2016=Superior No Universitaria|2019=Superior No Universitaria|2023=Superior no universitaria|2024=Superior no universitaria|2025=Superior no universitaria,True
03,p308a,5,2021,Superior univ.,Superior univ.,"2004,2005,2006,2007,2008,2009,2010,2011,2012,2013,2014,2015,2016,2019,2020,2023,2024,2025",2004=Superior Universitaria|2005=Superior Universitaria|2006=Superior Universitaria|2007=Superior Universitaria|2008=Superior Universitaria|2009=Superior Universitaria|2010=Superior Universitaria|2011=Superior Universitaria|2012=Superior Universitaria|2013=Superior Universitaria|2014=Superior Universitaria|2015=Superior Universitaria|2016=Superior Universitaria|2019=Superior Universitaria|2023=Superior universitaria|2024=Superior universitaria|2025=Superior universitaria,True
03,p308a,4,2022,Superior no univ.,Superior no univ.,"2004,2005,2006,2007,2008,2009,2010,2011,2012,2013,2014,2015,2016,2019,2020,2023,2024,2025",2004=Superior No Universitaria|2005=Superior No Universitaria|2006=Superior No Universitaria|2007=Superior No Universitaria|2008=Superior No Universitaria|2009=Superior No Universitaria|2010=Superior No Universitaria|2011=Superior No Universitaria|2012=Superior No Universitaria|2013=Superior NoUniversitaria|2014=Superior No Universitaria|2015=Superior No Universitaria|2016=Superior No Universitaria|2019=Superior No Universitaria|2023=Superior no universitaria|2024=Superior no universitaria|2025=Superior no universitaria,True
03,p308a,5,2022,Superior univ.,Superior univ.,"2004,2005,2006,2007,2008,2009,2010,2011,2012,2013,2014,2015,2016,2019,2020,2023,2024,2025",2004=Superior Universitaria|2005=Superior Universitaria|2006=Superior Universitaria|2007=Superior Universitaria|2008=Superior Universitaria|2009=Superior Universitaria|2010=Superior Universitaria|2011=Superior Universitaria|2012=Superior Universitaria|2013=Superior Universitaria|2014=Superior Universitaria|2015=Superior Universitaria|2016=Superior Universitaria|2019=Superior Universitaria|2023=Superior universitaria|2024=Superior universitaria|2025=Superior universitaria,True
03,p313,3,2017,Termino sus estudios: secundarios/ superiores /asiste a academia preuniv.,Termino sus estudios: secundarios/ superiores /asiste a academia preuniv.,"2004,2005,2006,2012,2013,2014,2015,2016,2019,2020,2023,2024,2025",2004=No existe centros de enseñanza para adultos|2005=No existe centros de enseñanza para adultos|2006=No existe centros de enseñanza para adultos|2019=Terminó sus estudios: secundaria/superior/asiste a academia preuniversitaria|2020=Terminó sus estudios: secundaria/superior/asiste a academia preuniversitaria|2023=Terminó sus estudios: secundarios/ superiores /asiste a academia preuniversitaria|2024=Terminó sus estudios: secundarios/ superiores /asiste a academia preuniversitaria|2025=Terminó sus estudios: secundarios/ superiores /asiste a academia preuniversitaria,True
03,p313,3,2018,Termino sus estudios: secundarios/ superiores /asiste a academia preuniv.,Termino sus estudios: secundarios/ superiores /asiste a academia preuniv.,"2004,2005,2006,2012,2013,2014,2015,2016,2019,2020,2023,2024,2025",2004=No existe centros de enseñanza para adultos|2005=No existe centros de enseñanza para adultos|2006=No existe centros de enseñanza para adultos|2019=Terminó sus estudios: secundaria/superior/asiste a academia preuniversitaria|2020=Terminó sus estudios: secundaria/superior/asiste a academia preuniversitaria|2023=Terminó sus estudios: secundarios/ superiores /asiste a academia preuniversitaria|2024=Terminó sus estudios: secundarios/ superiores /asiste a academia preuniversitaria|2025=Terminó sus estudios: secundarios/ superiores /asiste a academia preuniversitaria,True
03,p313,3,2021,Termino sus estudios: secundarios/ superiores /asiste a academia preuniv.,Termino sus estudios: secundarios/ superiores /asiste a academia preuniv.,"2004,2005,2006,2012,2013,2014,2015,2016,2019,2020,2023,2024,2025",2004=No existe centros de enseñanza para adultos|2005=No existe centros de enseñanza para adultos|2006=No existe centros de enseñanza para adultos|2019=Terminó sus estudios: secundaria/superior/asiste a academia preuniversitaria|2020=Terminó sus estudios: secundaria/superior/asiste a academia preuniversitaria|2023=Terminó sus estudios: secundarios/ superiores /asiste a academia preuniversitaria|2024=Terminó sus estudios: secundarios/ superiores /asiste a academia preuniversitaria|2025=Terminó sus estudios: secundarios/ superiores /asiste a academia preuniversitaria,True
03,p313,3,2022,Termino sus estudios: secundarios/ superiores /asiste a academia preuniv.,Termino sus estudios: secundarios/ superiores /asiste a academia preuniv.,"2004,2005,2006,2012,2013,2014,2015,2016,2019,2020,2023,2024,2025",2004=No existe centros de enseñanza para adultos|2005=No existe centros de enseñanza para adultos|2006=No existe centros de enseñanza para adultos|2019=Terminó sus estudios: secundaria/superior/asiste a academia preuniversitaria|2020=Terminó sus estudios: secundaria/superior/asiste a academia preuniversitaria|2023=Terminó sus estudios: secundarios/ superiores /asiste a academia preuniversitaria|2024=Terminó sus estudios: secundarios/ superiores /asiste a academia preuniversitaria|2025=Terminó sus estudios: secundarios/ superiores /asiste a academia preuniversitaria,True
03,p316a1,1,2017,Telf.celular propio.,Telf.celular propio.,"2019,2020,2023,2024,2025",2019=Teléfono celular propio|2020=Teléfono celular propio|2023=Teléfono celular propio.|2025=Teléfono celular propio.,True
03,p316a1,1,2018,Telf.celular propio.,Telf.celular propio.,"2019,2020,2023,2024,2025",2019=Teléfono celular propio|2020=Teléfono celular propio|2023=Teléfono celular propio.|2025=Teléfono celular propio.,True
03,p316a1,1,2021,Telf.celular propio.,Telf.celular propio.,"2019,2020,2023,2024,2025",2019=Teléfono celular propio|2020=Teléfono celular propio|2023=Teléfono celular propio.|2025=Teléfono celular propio.,True
03,p316a1,1,2022,Telf.celular propio.,Telf.celular propio.,"2019,2020,2023,2024,2025",2019=Teléfono celular propio|2020=Teléfono celular propio|2023=Teléfono celular propio.|2025=Teléfono celular propio.,True
03,p316a2,2,2017,Telf. celular de un familiar o amigo,Telf. celular de un familiar o amigo,"2019,2020,2023,2024,2025",2019=Teléfono celular de un familiar o amigo|2020=Teléfono celular de un familiar o amigo|2023=Teléfono celular de un familiar o amigo/a|2024=Teléfono celular de un familiar o amigo/a|2025=Teléfono celular de un familiar o amigo/a,True
03,p316a2,2,2018,Telf. celular de un familiar o amigo,Telf. celular de un familiar o amigo,"2019,2020,2023,2024,2025",2019=Teléfono celular de un familiar o amigo|2020=Teléfono celular de un familiar o amigo|2023=Teléfono celular de un familiar o amigo/a|2024=Teléfono celular de un familiar o amigo/a|2025=Teléfono celular de un familiar o amigo/a,True
03,p316a2,2,2021,Telf. celular de un familiar o amigo,Telf. celular de un familiar o amigo,"2019,2020,2023,2024,2025",2019=Teléfono celular de un familiar o amigo|2020=Teléfono celular de un familiar o amigo|2023=Teléfono celular de un familiar o amigo/a|2024=Teléfono celular de un familiar o amigo/a|2025=Teléfono celular de un familiar o amigo/a,True
03,p316a2,2,2022,Telf. celular de un familiar o amigo,Telf. celular de un familiar o amigo,"2019,2020,2023,2024,2025",2019=Teléfono celular de un familiar o amigo|2020=Teléfono celular de un familiar o amigo|2023=Teléfono celular de un familiar o amigo/a|2024=Teléfono celular de un familiar o amigo/a|2025=Teléfono celular de un familiar o amigo/a,True
03,p316a3,3,2017,Telf. celular de su centro de trabajo,Telf. celular de su centro de trabajo,"2019,2020,2023,2024,2025",2019=Teléfono celular de su centro de trabajo|2020=Teléfono celular de su centro de trabajo|2023=Teléfono celular de su centro de trabajo|2025=Teléfono celular de su centro de trabajo,True
03,p316a3,3,2018,Telf. celular de su centro de trabajo,Telf. celular de su centro de trabajo,"2019,2020,2023,2024,2025",2019=Teléfono celular de su centro de trabajo|2020=Teléfono celular de su centro de trabajo|2023=Teléfono celular de su centro de trabajo|2025=Teléfono celular de su centro de trabajo,True
03,p316a3,3,2021,Telf. celular de su centro de trabajo,Telf. celular de su centro de trabajo,"2019,2020,2023,2024,2025",2019=Teléfono celular de su centro de trabajo|2020=Teléfono celular de su centro de trabajo|2023=Teléfono celular de su centro de trabajo|2025=Teléfono celular de su centro de trabajo,True
03,p316a3,3,2022,Telf. celular de su centro de trabajo,Telf. celular de su centro de trabajo,"2019,2020,2023,2024,2025",2019=Teléfono celular de su centro de trabajo|2020=Teléfono celular de su centro de trabajo|2023=Teléfono celular de su centro de trabajo|2025=Teléfono celular de su centro de trabajo,True
03,p316a6,6,2019,Telf. celular alquilado,Telf. celular alquilado,"2020,2023,2024,2025",2023=Teléfono celular alquilado|2025=Teléfono celular alquilado,True
03,p316a6,6,2021,Telf. celular alquilado,Telf. celular alquilado,"2020,2023,2024,2025",2023=Teléfono celular alquilado|2025=Teléfono celular alquilado,True
03,p316a6,6,2022,Telf. celular alquilado,Telf. celular alquilado,"2020,2023,2024,2025",2023=Teléfono celular alquilado|2025=Teléfono celular alquilado,True
03,t313a,3,2017,Termino sus estudios: secundarios/ superiores /asiste a academia preuniv.,Termino sus estudios: secundarios/ superiores /asiste a academia preuniv.,"2007,2008,2009,2010,2011,2012,2013,2014,2015,2016,2019,2020,2023,2024,2025",2023=Terminó sus estudios: secundarios/ superiores /asiste a academia preuniversitaria|2024=Terminó sus estudios: secundarios/ superiores /asiste a academia preuniversitaria|2025=Terminó sus estudios: secundarios/ superiores /asiste a academia preuniversitaria,True
03,t313a,7,2017,No existe centro de educacion basica o superior en el ccpp.,No existe centro de educacion basica o superior en el CCPP.,"2007,2008,2009,2010,2011,2012,2013,2014,2015,2016,2019,2020,2023,2024,2025",2023=No existe centro de educación básica o superior en el centro poblado|2024=No existe centro de educación básica o superior en el centro poblado|2025=No existe centro de educación básica o superior en el centro poblado,True
03,t313a,3,2018,Termino sus estudios: secundarios/ superiores /asiste a academia preuniv.,Termino sus estudios: secundarios/ superiores /asiste a academia preuniv.,"2007,2008,2009,2010,2011,2012,2013,2014,2015,2016,2019,2020,2023,2024,2025",2023=Terminó sus estudios: secundarios/ superiores /asiste a academia preuniversitaria|2024=Terminó sus estudios: secundarios/ superiores /asiste a academia preuniversitaria|2025=Terminó sus estudios: secundarios/ superiores /asiste a academia preuniversitaria,True
03,t313a,7,2018,No existe centro de educacion basica o superior en el ccpp.,No existe centro de educacion basica o superior en el CCPP.,"2007,2008,2009,2010,2011,2012,2013,2014,2015,2016,2019,2020,2023,2024,2025",2023=No existe centro de educación básica o superior en el centro poblado|2024=No existe centro de educación básica o superior en el centro poblado|2025=No existe centro de educación básica o superior en el centro poblado,True
03,t313a,3,2021,Termino sus estudios: secundarios/ superiores /asiste a academia preuniv.,Termino sus estudios: secundarios/ superiores /asiste a academia preuniv.,"2007,2008,2009,2010,2011,2012,2013,2014,2015,2016,2019,2020,2023,2024,2025",2023=Terminó sus estudios: secundarios/ superiores /asiste a academia preuniversitaria|2024=Terminó sus estudios: secundarios/ superiores /asiste a academia preuniversitaria|2025=Terminó sus estudios: secundarios/ superiores /asiste a academia preuniversitaria,True
03,t313a,7,2021,No existe centro de educacion basica o superior en el ccpp.,No existe centro de educacion basica o superior en el CCPP.,"2007,2008,2009,2010,2011,2012,2013,2014,2015,2016,2019,2020,2023,2024,2025",2023=No existe centro de educación básica o superior en el centro poblado|2024=No existe centro de educación básica o superior en el centro poblado|2025=No existe centro de educación básica o superior en el centro poblado,True
03,t313a,3,2022,Termino sus estudios: secundarios/ superiores /asiste a academia preuniv.,Termino sus estudios: secundarios/ superiores /asiste a academia preuniv.,"2007,2008,2009,2010,2011,2012,2013,2014,2015,2016,2019,2020,2023,2024,2025",2023=Terminó sus estudios: secundarios/ superiores /asiste a academia preuniversitaria|2024=Terminó sus estudios: secundarios/ superiores /asiste a academia preuniversitaria|2025=Terminó sus estudios: secundarios/ superiores /asiste a academia preuniversitaria,True
03,t313a,7,2022,No existe centro de educacion basica o superior en el ccpp.,No existe centro de educacion basica o superior en el CCPP.,"2007,2008,2009,2010,2011,2012,2013,2014,2015,2016,2019,2020,2023,2024,2025",2023=No existe centro de educación básica o superior en el centro poblado|2024=No existe centro de educación básica o superior en el centro poblado|2025=No existe centro de educación básica o superior en el centro poblado,True
04,p301a,2,2006,Inicial,Inicial,"2004,2005,2007,2008,2009,2010,2011,2012,2013,2014,2015,2016,2020,2024,2025",2004=Educación Inicial|2005=Educación Inicial|2007=Educación Inicial|2008=Educación Inicial|2009=Educación Inicial|2010=Educación Inicial|2011=Educación Inicial|2012=Educación Inicial|2013=Educación Inicial|2014=Educación Inicial|2015=Educación Inicial|2016=Educación Inicial|2020=Educaion inicial|2024=Educación inicial|2025=Educación inicial,True
04,p301a,2,2017,Inicial,Inicial,"2004,2005,2007,2008,2009,2010,2011,2012,2013,2014,2015,2016,2020,2024,2025",2004=Educación Inicial|2005=Educación Inicial|2007=Educación Inicial|2008=Educación Inicial|2009=Educación Inicial|2010=Educación Inicial|2011=Educación Inicial|2012=Educación Inicial|2013=Educación Inicial|2014=Educación Inicial|2015=Educación Inicial|2016=Educación Inicial|2020=Educaion inicial|2024=Educación inicial|2025=Educación inicial,True
04,p301a,2,2018,Inicial,Inicial,"2004,2005,2007,2008,2009,2010,2011,2012,2013,2014,2015,2016,2020,2024,2025",2004=Educación Inicial|2005=Educación Inicial|2007=Educación Inicial|2008=Educación Inicial|2009=Educación Inicial|2010=Educación Inicial|2011=Educación Inicial|2012=Educación Inicial|2013=Educación Inicial|2014=Educación Inicial|2015=Educación Inicial|2016=Educación Inicial|2020=Educaion inicial|2024=Educación inicial|2025=Educación inicial,True
04,p301a,2,2019,Inicial,Inicial,"2004,2005,2007,2008,2009,2010,2011,2012,2013,2014,2015,2016,2020,2024,2025",2004=Educación Inicial|2005=Educación Inicial|2007=Educación Inicial|2008=Educación Inicial|2009=Educación Inicial|2010=Educación Inicial|2011=Educación Inicial|2012=Educación Inicial|2013=Educación Inicial|2014=Educación Inicial|2015=Educación Inicial|2016=Educación Inicial|2020=Educaion inicial|2024=Educación inicial|2025=Educación inicial,True
04,p301a,2,2021,Inicial,Inicial,"2004,2005,2007,2008,2009,2010,2011,2012,2013,2014,2015,2016,2020,2024,2025",2004=Educación Inicial|2005=Educación Inicial|2007=Educación Inicial|2008=Educación Inicial|2009=Educación Inicial|2010=Educación Inicial|2011=Educación Inicial|2012=Educación Inicial|2013=Educación Inicial|2014=Educación Inicial|2015=Educación Inicial|2016=Educación Inicial|2020=Educaion inicial|2024=Educación inicial|2025=Educación inicial,True
04,p301a,2,2022,Inicial,Inicial,"2004,2005,2007,2008,2009,2010,2011,2012,2013,2014,2015,2016,2020,2024,2025",2004=Educación Inicial|2005=Educación Inicial|2007=Educación Inicial|2008=Educación Inicial|2009=Educación Inicial|2010=Educación Inicial|2011=Educación Inicial|2012=Educación Inicial|2013=Educación Inicial|2014=Educación Inicial|2015=Educación Inicial|2016=Educación Inicial|2020=Educaion inicial|2024=Educación inicial|2025=Educación inicial,True
04,p301a,2,2023,Inicial,Inicial,"2004,2005,2007,2008,2009,2010,2011,2012,2013,2014,2015,2016,2020,2024,2025",2004=Educación Inicial|2005=Educación Inicial|2007=Educación Inicial|2008=Educación Inicial|2009=Educación Inicial|2010=Educación Inicial|2011=Educación Inicial|2012=Educación Inicial|2013=Educación Inicial|2014=Educación Inicial|2015=Educación Inicial|2016=Educación Inicial|2020=Educaion inicial|2024=Educación inicial|2025=Educación inicial,True
04,p4021,1,2006,"Sintoma o malestar (tos, dolor de cabeza, fiebre, nausea)","Sintoma o malestar (tos, dolor de cabeza, fiebre, nausea)","2004,2005,2007,2008,2009,2010,2011,2012,2013,2014,2015,2016,2020,2024,2025","2024=Síntoma o malestar (tos, dolor de cabeza, fiebre, nauseas)?|2025=Síntoma o malestar (tos, dolor de cabeza, fiebre, nauseas)?",True
04,p4021,1,2017,"Sintoma o malestar (tos, dolor de cabeza, fiebre, nausea)","Sintoma o malestar (tos, dolor de cabeza, fiebre, nausea)","2004,2005,2007,2008,2009,2010,2011,2012,2013,2014,2015,2016,2020,2024,2025","2024=Síntoma o malestar (tos, dolor de cabeza, fiebre, nauseas)?|2025=Síntoma o malestar (tos, dolor de cabeza, fiebre, nauseas)?",True
04,p4021,1,2018,"Sintoma o malestar (tos, dolor de cabeza, fiebre, nausea)","Sintoma o malestar (tos, dolor de cabeza, fiebre, nausea)","2004,2005,2007,2008,2009,2010,2011,2012,2013,2014,2015,2016,2020,2024,2025","2024=Síntoma o malestar (tos, dolor de cabeza, fiebre, nauseas)?|2025=Síntoma o malestar (tos, dolor de cabeza, fiebre, nauseas)?",True
04,p4021,1,2019,"Sintoma o malestar (tos, dolor de cabeza, fiebre, nausea)","Sintoma o malestar (tos, dolor de cabeza, fiebre, nausea)","2004,2005,2007,2008,2009,2010,2011,2012,2013,2014,2015,2016,2020,2024,2025","2024=Síntoma o malestar (tos, dolor de cabeza, fiebre, nauseas)?|2025=Síntoma o malestar (tos, dolor de cabeza, fiebre, nauseas)?",True
04,p4021,1,2021,"Sintoma o malestar (tos, dolor de cabeza, fiebre, nausea)","Sintoma o malestar (tos, dolor de cabeza, fiebre, nausea)","2004,2005,2007,2008,2009,2010,2011,2012,2013,2014,2015,2016,2020,2024,2025","2024=Síntoma o malestar (tos, dolor de cabeza, fiebre, nauseas)?|2025=Síntoma o malestar (tos, dolor de cabeza, fiebre, nauseas)?",True
04,p4021,1,2022,"Sintoma o malestar (tos, dolor de cabeza, fiebre, nausea)","Sintoma o malestar (tos, dolor de cabeza, fiebre, nausea)","2004,2005,2007,2008,2009,2010,2011,2012,2013,2014,2015,2016,2020,2024,2025","2024=Síntoma o malestar (tos, dolor de cabeza, fiebre, nauseas)?|2025=Síntoma o malestar (tos, dolor de cabeza, fiebre, nauseas)?",True
04,p4021,1,2023,"Sintoma o malestar (tos, dolor de cabeza, fiebre, nausea)","Sintoma o malestar (tos, dolor de cabeza, fiebre, nausea)","2004,2005,2007,2008,2009,2010,2011,2012,2013,2014,2015,2016,2020,2024,2025","2024=Síntoma o malestar (tos, dolor de cabeza, fiebre, nauseas)?|2025=Síntoma o malestar (tos, dolor de cabeza, fiebre, nauseas)?",True
04,p4026,1,2021,Sintoma del covid-19,Sintoma del COVID-19,"2020,2024,2025","2024=Síntoma del COVID-19(Fiebre, tos seca, sensación de ahogo)|2025=Síntoma del COVID-19(Fiebre, tos seca, sensación de ahogo)",True
04,p4026,1,2022,Sintoma del covid-19,Sintoma del COVID-19,"2020,2024,2025","2024=Síntoma del COVID-19(Fiebre, tos seca, sensación de ahogo)|2025=Síntoma del COVID-19(Fiebre, tos seca, sensación de ahogo)",True
04,p4026,1,2023,Sintoma del covid-19,Sintoma del COVID-19,"2020,2024,2025","2024=Síntoma del COVID-19(Fiebre, tos seca, sensación de ahogo)|2025=Síntoma del COVID-19(Fiebre, tos seca, sensación de ahogo)",True
04,p4037,1,2006,"Hospital de las ff.aa, y/o pnp","Hospital de las FF.AA, y/o PNP","2004,2005,2007,2008,2009,2010,2011,2013,2015,2016,2020,2024,2025","2004=Hospital FF.AA y Policía Nacional|2005=Hospital FF.AA y Policía Nacional|2007=Hospital FF.AA y Policía Nacional|2008=Hospital FF.AA y Policía Nacional|2009=Hospital FF.AA y Policía Nacional|2010=Hospital FF.AA y Policía Nacional|2011=Hospital FF.AA y Policía Nacional|2013=Hospital FF.AA y Policía Nacional|2015=Hospital FF.AA y Policía Nacional|2016=Hospital FF.AA y Policía Nacional|2024=Hospital de las FF.AA, y/o Policía Nacional|2025=Hospital de las FF.AA, y/o Policía Nacional",True
04,p4037,1,2017,"Hospital de las ff.aa, y/o pnp","Hospital de las FF.AA, y/o PNP","2004,2005,2007,2008,2009,2010,2011,2013,2015,2016,2020,2024,2025","2004=Hospital FF.AA y Policía Nacional|2005=Hospital FF.AA y Policía Nacional|2007=Hospital FF.AA y Policía Nacional|2008=Hospital FF.AA y Policía Nacional|2009=Hospital FF.AA y Policía Nacional|2010=Hospital FF.AA y Policía Nacional|2011=Hospital FF.AA y Policía Nacional|2013=Hospital FF.AA y Policía Nacional|2015=Hospital FF.AA y Policía Nacional|2016=Hospital FF.AA y Policía Nacional|2024=Hospital de las FF.AA, y/o Policía Nacional|2025=Hospital de las FF.AA, y/o Policía Nacional",True
04,p4037,1,2018,"Hospital de las ff.aa, y/o pnp","Hospital de las FF.AA, y/o PNP","2004,2005,2007,2008,2009,2010,2011,2013,2015,2016,2020,2024,2025","2004=Hospital FF.AA y Policía Nacional|2005=Hospital FF.AA y Policía Nacional|2007=Hospital FF.AA y Policía Nacional|2008=Hospital FF.AA y Policía Nacional|2009=Hospital FF.AA y Policía Nacional|2010=Hospital FF.AA y Policía Nacional|2011=Hospital FF.AA y Policía Nacional|2013=Hospital FF.AA y Policía Nacional|2015=Hospital FF.AA y Policía Nacional|2016=Hospital FF.AA y Policía Nacional|2024=Hospital de las FF.AA, y/o Policía Nacional|2025=Hospital de las FF.AA, y/o Policía Nacional",True
04,p4037,1,2019,"Hospital de las ff.aa, y/o pnp","Hospital de las FF.AA, y/o PNP","2004,2005,2007,2008,2009,2010,2011,2013,2015,2016,2020,2024,2025","2004=Hospital FF.AA y Policía Nacional|2005=Hospital FF.AA y Policía Nacional|2007=Hospital FF.AA y Policía Nacional|2008=Hospital FF.AA y Policía Nacional|2009=Hospital FF.AA y Policía Nacional|2010=Hospital FF.AA y Policía Nacional|2011=Hospital FF.AA y Policía Nacional|2013=Hospital FF.AA y Policía Nacional|2015=Hospital FF.AA y Policía Nacional|2016=Hospital FF.AA y Policía Nacional|2024=Hospital de las FF.AA, y/o Policía Nacional|2025=Hospital de las FF.AA, y/o Policía Nacional",True
04,p4037,1,2021,"Hospital de las ff.aa, y/o pnp","Hospital de las FF.AA, y/o PNP","2004,2005,2007,2008,2009,2010,2011,2013,2015,2016,2020,2024,2025","2004=Hospital FF.AA y Policía Nacional|2005=Hospital FF.AA y Policía Nacional|2007=Hospital FF.AA y Policía Nacional|2008=Hospital FF.AA y Policía Nacional|2009=Hospital FF.AA y Policía Nacional|2010=Hospital FF.AA y Policía Nacional|2011=Hospital FF.AA y Policía Nacional|2013=Hospital FF.AA y Policía Nacional|2015=Hospital FF.AA y Policía Nacional|2016=Hospital FF.AA y Policía Nacional|2024=Hospital de las FF.AA, y/o Policía Nacional|2025=Hospital de las FF.AA, y/o Policía Nacional",True
04,p4037,1,2022,"Hospital de las ff.aa, y/o pnp","Hospital de las FF.AA, y/o PNP","2004,2005,2007,2008,2009,2010,2011,2013,2015,2016,2020,2024,2025","2004=Hospital FF.AA y Policía Nacional|2005=Hospital FF.AA y Policía Nacional|2007=Hospital FF.AA y Policía Nacional|2008=Hospital FF.AA y Policía Nacional|2009=Hospital FF.AA y Policía Nacional|2010=Hospital FF.AA y Policía Nacional|2011=Hospital FF.AA y Policía Nacional|2013=Hospital FF.AA y Policía Nacional|2015=Hospital FF.AA y Policía Nacional|2016=Hospital FF.AA y Policía Nacional|2024=Hospital de las FF.AA, y/o Policía Nacional|2025=Hospital de las FF.AA, y/o Policía Nacional",True
04,p4037,1,2023,"Hospital de las ff.aa, y/o pnp","Hospital de las FF.AA, y/o PNP","2004,2005,2007,2008,2009,2010,2011,2013,2015,2016,2020,2024,2025","2004=Hospital FF.AA y Policía Nacional|2005=Hospital FF.AA y Policía Nacional|2007=Hospital FF.AA y Policía Nacional|2008=Hospital FF.AA y Policía Nacional|2009=Hospital FF.AA y Policía Nacional|2010=Hospital FF.AA y Policía Nacional|2011=Hospital FF.AA y Policía Nacional|2013=Hospital FF.AA y Policía Nacional|2015=Hospital FF.AA y Policía Nacional|2016=Hospital FF.AA y Policía Nacional|2024=Hospital de las FF.AA, y/o Policía Nacional|2025=Hospital de las FF.AA, y/o Policía Nacional",True
04,p4061a,1,2006,El seguro integral de salud pago todo,el seguro integral de salud pago todo,"2004,2005,2007,2008,2009,2010,2011",2004=Seguro Integral de Salud (SIS) pagó todo|2005=Seguro Integral de Salud (SIS) pagó todo|2007=Seguro Integral de Salud (SIS) pagó todo|2008=Seguro Integral de Salud (SIS) pagó todo|2009=Seguro Integral de Salud (SIS) pagó todo|2010=Seguro Integral de Salud (SIS) pagó todo|2011=Seguro Integral de Salud (SIS) pagó todo,True
04,p4061a,2,2006,El seguro integral de salud pago una parte,el seguro integral de salud pago una parte,"2004,2005,2007,2008,2009,2010,2011",2004=Seguro Integral de Salud (SIS) pagó una parte|2005=Seguro Integral de Salud (SIS) pagó una parte|2007=Seguro Integral de Salud (SIS) pagó una parte|2008=Seguro Integral de Salud (SIS) pagó una parte|2009=Seguro Integral de Salud (SIS) pagó una parte|2010=Seguro Integral de Salud (SIS) pagó una parte|2011=Seguro Integral de Salud (SIS) pagó una parte,True
04,p4061a,8,2006,Donacion minsa,donacion minsa,"2004,2005,2007,2008,2009,2010,2011",2004=Donado por el MINSA|2005=Donado por el MINSA|2007=Donado por el MINSA|2008=Donado por el MINSA|2009=Donado por el MINSA|2010=Donado por el MINSA|2011=Donado por el MINSA,True
04,p4062a,1,2006,El seguro integral de salud pago todo,el seguro integral de salud pago todo,"2004,2005,2007,2008,2009,2010,2011",2004=Seguro Integral de Salud (SIS) pagó todo|2005=Seguro Integral de Salud (SIS) pagó todo|2007=Seguro Integral de Salud (SIS) pagó todo|2008=Seguro Integral de Salud (SIS) pagó todo|2009=Seguro Integral de Salud (SIS) pagó todo|2010=Seguro Integral de Salud (SIS) pagó todo|2011=Seguro Integral de Salud (SIS) pagó todo,True
04,p4062a,2,2006,El seguro integral de salud pago una parte,el seguro integral de salud pago una parte,"2004,2005,2007,2008,2009,2010,2011",2004=Seguro Integral de Salud (SIS) pagó una parte|2005=Seguro Integral de Salud (SIS) pagó una parte|2007=Seguro Integral de Salud (SIS) pagó una parte|2008=Seguro Integral de Salud (SIS) pagó una parte|2009=Seguro Integral de Salud (SIS) pagó una parte|2010=Seguro Integral de Salud (SIS) pagó una parte|2011=Seguro Integral de Salud (SIS) pagó una parte,True
04,p4062a,8,2006,Donacion minsa,donacion minsa,"2004,2005,2007,2008,2009,2010,2011",2004=Donado por el MINSA|2005=Donado por el MINSA|2007=Donado por el MINSA|2008=Donado por el MINSA|2009=Donado por el MINSA|2010=Donado por el MINSA|2011=Donado por el MINSA,True
04,p4063a,1,2006,El seguro integral de salud pago todo,el seguro integral de salud pago todo,"2004,2005,2007,2008,2009,2010,2011",2004=Seguro Integral de Salud (SIS) pagó todo|2005=Seguro Integral de Salud (SIS) pagó todo|2007=Seguro Integral de Salud (SIS) pagó todo|2008=Seguro Integral de Salud (SIS) pagó todo|2009=Seguro Integral de Salud (SIS) pagó todo|2010=Seguro Integral de Salud (SIS) pagó todo|2011=Seguro Integral de Salud (SIS) pagó todo,True
04,p4063a,2,2006,El seguro integral de salud pago una parte,el seguro integral de salud pago una parte,"2004,2005,2007,2008,2009,2010,2011",2004=Seguro Integral de Salud (SIS) pagó una parte|2005=Seguro Integral de Salud (SIS) pagó una parte|2007=Seguro Integral de Salud (SIS) pagó una parte|2008=Seguro Integral de Salud (SIS) pagó una parte|2009=Seguro Integral de Salud (SIS) pagó una parte|2010=Seguro Integral de Salud (SIS) pagó una parte|2011=Seguro Integral de Salud (SIS) pagó una parte,True
04,p4063a,8,2006,Donacion minsa,donacion minsa,"2004,2005,2007,2008,2009,2010,2011",2004=Donado por el MINSA|2005=Donado por el MINSA|2007=Donado por el MINSA|2008=Donado por el MINSA|2009=Donado por el MINSA|2010=Donado por el MINSA|2011=Donado por el MINSA,True
04,p4064a,1,2006,El seguro integral de salud pago todo,el seguro integral de salud pago todo,"2004,2005,2007,2008,2009,2010,2011",2004=Seguro Integral de Salud (SIS) pagó todo|2005=Seguro Integral de Salud (SIS) pagó todo|2007=Seguro Integral de Salud (SIS) pagó todo|2008=Seguro Integral de Salud (SIS) pagó todo|2009=Seguro Integral de Salud (SIS) pagó todo|2010=Seguro Integral de Salud (SIS) pagó todo|2011=Seguro Integral de Salud (SIS) pagó todo,True
04,p4064a,2,2006,El seguro integral de salud pago una parte,el seguro integral de salud pago una parte,"2004,2005,2007,2008,2009,2010,2011",2004=Seguro Integral de Salud (SIS) pagó una parte|2007=Seguro Integral de Salud (SIS) pagó una parte|2008=Seguro Integral de Salud (SIS) pagó una parte|2009=Seguro Integral de Salud (SIS) pagó una parte|2010=Seguro Integral de Salud (SIS) pagó una parte|2011=Seguro Integral de Salud (SIS) pagó una parte,True
04,p4064a,8,2006,Donacion minsa,donacion minsa,"2004,2005,2007,2008,2009,2010,2011",2004=Donado por el MINSA|2005=Donado por el MINSA|2007=Donado por el MINSA|2008=Donado por el MINSA|2009=Donado por el MINSA|2010=Donado por el MINSA|2011=Donado por el MINSA,True
04,p4065a,1,2006,El seguro integral de salud pago todo,el seguro integral de salud pago todo,"2004,2005,2007,2008,2009,2010,2011",2004=Seguro Integral de Salud (SIS) pagó todo|2005=Seguro Integral de Salud (SIS) pagó todo|2007=Seguro Integral de Salud (SIS) pagó todo|2008=Seguro Integral de Salud (SIS) pagó todo|2009=Seguro Integral de Salud (SIS) pagó todo|2010=Seguro Integral de Salud (SIS) pagó todo|2011=Seguro Integral de Salud (SIS) pagó todo,True
04,p4065a,2,2006,El seguro integral de salud pago una parte,el seguro integral de salud pago una parte,"2004,2005,2007,2008,2009,2010,2011",2004=Seguro Integral de Salud (SIS) pagó una parte|2010=Seguro Integral de Salud (SIS) pagó una parte|2011=Seguro Integral de Salud (SIS) pagó una parte,True
04,p4065a,8,2006,Donacion minsa,donacion minsa,"2004,2005,2007,2008,2009,2010,2011",2004=Donado por el MINSA|2005=Donado por el MINSA|2007=Donado por el MINSA|2008=Donado por el MINSA|2010=Donado por el MINSA,True
04,p407j,1,2021,Negativo,negativo,2020,2020=Negativa,True
04,p407j,1,2022,Negativo,negativo,2020,2020=Negativa,True
04,p407j,1,2023,Negativo,negativo,2020,2020=Negativa,True
04,p4115,1,2006,Hospital ffaa - pnp,hospital ffaa - pnp,"2007,2008,2009,2010,2011",2007=Hospital de las FF.AA. y Policía Nacional|2008=Hospital de las FF.AA. y Policía Nacional|2009=Hospital de las FF.AA. y Policía Nacional|2010=Hospital de las FF.AA. y Policía Nacional|2011=Hospital de las FF.AA. y Policía Nacional,True
04,p4118,1,2006,Otro,otro,"2007,2008,2009,2010,2011","2007=Otro ( Posta Médico, Centro Medico, etc. )|2008=Otro ( Posta Médico, Centro Medico, etc. )|2009=Otro ( Posta Médico, Centro Medico, etc. )|2010=Otro ( Posta Médico, Centro Medico, etc. )|2011=Otro ( Posta Médico, Centro Medico, etc. )",True
04,p413b1a,1,2017,Prog. social,Prog. social,"2012,2013,2014,2015,2016,2020,2024,2025",2013=Programa Social|2014=Programa Social|2015=Programa Social|2016=Programa Social|2020=Programa Social|2024=Programa social|2025=Programa social,True
04,p413b1a,1,2018,Prog. social,Prog. social,"2012,2013,2014,2015,2016,2020,2024,2025",2013=Programa Social|2014=Programa Social|2015=Programa Social|2016=Programa Social|2020=Programa Social|2024=Programa social|2025=Programa social,True
04,p413b1a,1,2019,Prog. social,Prog. social,"2012,2013,2014,2015,2016,2020,2024,2025",2013=Programa Social|2014=Programa Social|2015=Programa Social|2016=Programa Social|2020=Programa Social|2024=Programa social|2025=Programa social,True
04,p413b1a,1,2021,Prog. social,Prog. social,"2012,2013,2014,2015,2016,2020,2024,2025",2013=Programa Social|2014=Programa Social|2015=Programa Social|2016=Programa Social|2020=Programa Social|2024=Programa social|2025=Programa social,True
04,p413b1a,1,2022,Prog. social,Prog. social,"2012,2013,2014,2015,2016,2020,2024,2025",2013=Programa Social|2014=Programa Social|2015=Programa Social|2016=Programa Social|2020=Programa Social|2024=Programa social|2025=Programa social,True
04,p413b1a,1,2023,Prog. social,Prog. social,"2012,2013,2014,2015,2016,2020,2024,2025",2013=Programa Social|2014=Programa Social|2015=Programa Social|2016=Programa Social|2020=Programa Social|2024=Programa social|2025=Programa social,True
04,p413b2a,1,2017,Prog. social,Prog. social,"2012,2013,2014,2015,2016,2020,2024,2025",2013=Programa Social|2014=Programa Social|2015=Programa Social|2016=Programa Social|2020=Programa Social|2024=Programa social|2025=Programa social,True
04,p413b2a,1,2018,Prog. social,Prog. social,"2012,2013,2014,2015,2016,2020,2024,2025",2013=Programa Social|2014=Programa Social|2015=Programa Social|2016=Programa Social|2020=Programa Social|2024=Programa social|2025=Programa social,True
04,p413b2a,1,2019,Prog. social,Prog. social,"2012,2013,2014,2015,2016,2020,2024,2025",2013=Programa Social|2014=Programa Social|2015=Programa Social|2016=Programa Social|2020=Programa Social|2024=Programa social|2025=Programa social,True
04,p413b2a,1,2021,Prog. social,Prog. social,"2012,2013,2014,2015,2016,2020,2024,2025",2013=Programa Social|2014=Programa Social|2015=Programa Social|2016=Programa Social|2020=Programa Social|2024=Programa social|2025=Programa social,True
04,p413b2a,1,2022,Prog. social,Prog. social,"2012,2013,2014,2015,2016,2020,2024,2025",2013=Programa Social|2014=Programa Social|2015=Programa Social|2016=Programa Social|2020=Programa Social|2024=Programa social|2025=Programa social,True
04,p413b2a,1,2023,Prog. social,Prog. social,"2012,2013,2014,2015,2016,2020,2024,2025",2013=Programa Social|2014=Programa Social|2015=Programa Social|2016=Programa Social|2020=Programa Social|2024=Programa social|2025=Programa social,True
04,p413d1a,1,2017,Prog. social,Prog. social,"2012,2013,2014,2015,2016,2020,2024,2025",2013=Programa Social|2014=Programa Social|2015=Programa Social|2016=Programa Social|2020=Programa Social|2024=Programa social|2025=Programa social,True
04,p413d1a,1,2018,Prog. social,Prog. social,"2012,2013,2014,2015,2016,2020,2024,2025",2013=Programa Social|2014=Programa Social|2015=Programa Social|2016=Programa Social|2020=Programa Social|2024=Programa social|2025=Programa social,True
04,p413d1a,1,2019,Prog. social,Prog. social,"2012,2013,2014,2015,2016,2020,2024,2025",2013=Programa Social|2014=Programa Social|2015=Programa Social|2016=Programa Social|2020=Programa Social|2024=Programa social|2025=Programa social,True
04,p413d1a,1,2021,Prog. social,Prog. social,"2012,2013,2014,2015,2016,2020,2024,2025",2013=Programa Social|2014=Programa Social|2015=Programa Social|2016=Programa Social|2020=Programa Social|2024=Programa social|2025=Programa social,True
04,p413d1a,1,2022,Prog. social,Prog. social,"2012,2013,2014,2015,2016,2020,2024,2025",2013=Programa Social|2014=Programa Social|2015=Programa Social|2016=Programa Social|2020=Programa Social|2024=Programa social|2025=Programa social,True
04,p413d1a,1,2023,Prog. social,Prog. social,"2012,2013,2014,2015,2016,2020,2024,2025",2013=Programa Social|2014=Programa Social|2015=Programa Social|2016=Programa Social|2020=Programa Social|2024=Programa social|2025=Programa social,True
04,p413d2a,1,2017,Prog. social,Prog. social,"2012,2013,2014,2015,2016,2020,2024,2025",2013=Programa Social|2014=Programa Social|2015=Programa Social|2016=Programa Social|2020=Programa Social|2024=Programa social|2025=Programa social,True
04,p413d2a,1,2018,Prog. social,Prog. social,"2012,2013,2014,2015,2016,2020,2024,2025",2013=Programa Social|2014=Programa Social|2015=Programa Social|2016=Programa Social|2020=Programa Social|2024=Programa social|2025=Programa social,True
04,p413d2a,1,2019,Prog. social,Prog. social,"2012,2013,2014,2015,2016,2020,2024,2025",2013=Programa Social|2014=Programa Social|2015=Programa Social|2016=Programa Social|2020=Programa Social|2024=Programa social|2025=Programa social,True
04,p413d2a,1,2021,Prog. social,Prog. social,"2012,2013,2014,2015,2016,2020,2024,2025",2013=Programa Social|2014=Programa Social|2015=Programa Social|2016=Programa Social|2020=Programa Social|2024=Programa social|2025=Programa social,True
04,p413d2a,1,2022,Prog. social,Prog. social,"2012,2013,2014,2015,2016,2020,2024,2025",2013=Programa Social|2014=Programa Social|2015=Programa Social|2016=Programa Social|2020=Programa Social|2024=Programa social|2025=Programa social,True
04,p413d2a,1,2023,Prog. social,Prog. social,"2012,2013,2014,2015,2016,2020,2024,2025",2013=Programa Social|2014=Programa Social|2015=Programa Social|2016=Programa Social|2020=Programa Social|2024=Programa social|2025=Programa social,True
04,p4194,1,2006,Seguro ff.aa./pnp,Seguro FF.AA./PNP,"2004,2005,2007,2008,2009,2010,2011,2012,2013,2014,2015,2016,2020,2024,2025",2004=Seguro de FF.AA. / Policiales|2005=Seguro de FF.AA. / Policiales|2007=Seguro de FF.AA. / Policiales|2008=Seguro de FF.AA. / Policiales|2009=Seguro de FF.AA. / Policiales|2010=Seguro de FF.AA. / Policiales|2011=Seguro de FF.AA. / Policiales|2013=Seguro de FF.AA. / Policiales|2014=Seguro de FF.AA. / Policiales|2015=Seguro de FF.AA. / Policiales|2016=Seguro de FF.AA. / Policiales|2020=Seguro de FF.AA. / Policiales|2024=Seguro FF.AA./Policiales|2025=Seguro FF.AA./Policiales,True
04,p4194,1,2017,Seguro ff.aa./pnp,Seguro FF.AA./PNP,"2004,2005,2007,2008,2009,2010,2011,2012,2013,2014,2015,2016,2020,2024,2025",2004=Seguro de FF.AA. / Policiales|2005=Seguro de FF.AA. / Policiales|2007=Seguro de FF.AA. / Policiales|2008=Seguro de FF.AA. / Policiales|2009=Seguro de FF.AA. / Policiales|2010=Seguro de FF.AA. / Policiales|2011=Seguro de FF.AA. / Policiales|2013=Seguro de FF.AA. / Policiales|2014=Seguro de FF.AA. / Policiales|2015=Seguro de FF.AA. / Policiales|2016=Seguro de FF.AA. / Policiales|2020=Seguro de FF.AA. / Policiales|2024=Seguro FF.AA./Policiales|2025=Seguro FF.AA./Policiales,True
04,p4194,1,2018,Seguro ff.aa./pnp,Seguro FF.AA./PNP,"2004,2005,2007,2008,2009,2010,2011,2012,2013,2014,2015,2016,2020,2024,2025",2004=Seguro de FF.AA. / Policiales|2005=Seguro de FF.AA. / Policiales|2007=Seguro de FF.AA. / Policiales|2008=Seguro de FF.AA. / Policiales|2009=Seguro de FF.AA. / Policiales|2010=Seguro de FF.AA. / Policiales|2011=Seguro de FF.AA. / Policiales|2013=Seguro de FF.AA. / Policiales|2014=Seguro de FF.AA. / Policiales|2015=Seguro de FF.AA. / Policiales|2016=Seguro de FF.AA. / Policiales|2020=Seguro de FF.AA. / Policiales|2024=Seguro FF.AA./Policiales|2025=Seguro FF.AA./Policiales,True
04,p4194,1,2019,Seguro ff.aa./pnp,Seguro FF.AA./PNP,"2004,2005,2007,2008,2009,2010,2011,2012,2013,2014,2015,2016,2020,2024,2025",2004=Seguro de FF.AA. / Policiales|2005=Seguro de FF.AA. / Policiales|2007=Seguro de FF.AA. / Policiales|2008=Seguro de FF.AA. / Policiales|2009=Seguro de FF.AA. / Policiales|2010=Seguro de FF.AA. / Policiales|2011=Seguro de FF.AA. / Policiales|2013=Seguro de FF.AA. / Policiales|2014=Seguro de FF.AA. / Policiales|2015=Seguro de FF.AA. / Policiales|2016=Seguro de FF.AA. / Policiales|2020=Seguro de FF.AA. / Policiales|2024=Seguro FF.AA./Policiales|2025=Seguro FF.AA./Policiales,True
04,p4194,1,2021,Seguro ff.aa./pnp,Seguro FF.AA./PNP,"2004,2005,2007,2008,2009,2010,2011,2012,2013,2014,2015,2016,2020,2024,2025",2004=Seguro de FF.AA. / Policiales|2005=Seguro de FF.AA. / Policiales|2007=Seguro de FF.AA. / Policiales|2008=Seguro de FF.AA. / Policiales|2009=Seguro de FF.AA. / Policiales|2010=Seguro de FF.AA. / Policiales|2011=Seguro de FF.AA. / Policiales|2013=Seguro de FF.AA. / Policiales|2014=Seguro de FF.AA. / Policiales|2015=Seguro de FF.AA. / Policiales|2016=Seguro de FF.AA. / Policiales|2020=Seguro de FF.AA. / Policiales|2024=Seguro FF.AA./Policiales|2025=Seguro FF.AA./Policiales,True
04,p4194,1,2022,Seguro ff.aa./pnp,Seguro FF.AA./PNP,"2004,2005,2007,2008,2009,2010,2011,2012,2013,2014,2015,2016,2020,2024,2025",2004=Seguro de FF.AA. / Policiales|2005=Seguro de FF.AA. / Policiales|2007=Seguro de FF.AA. / Policiales|2008=Seguro de FF.AA. / Policiales|2009=Seguro de FF.AA. / Policiales|2010=Seguro de FF.AA. / Policiales|2011=Seguro de FF.AA. / Policiales|2013=Seguro de FF.AA. / Policiales|2014=Seguro de FF.AA. / Policiales|2015=Seguro de FF.AA. / Policiales|2016=Seguro de FF.AA. / Policiales|2020=Seguro de FF.AA. / Policiales|2024=Seguro FF.AA./Policiales|2025=Seguro FF.AA./Policiales,True
04,p4194,1,2023,Seguro ff.aa./pnp,Seguro FF.AA./PNP,"2004,2005,2007,2008,2009,2010,2011,2012,2013,2014,2015,2016,2020,2024,2025",2004=Seguro de FF.AA. / Policiales|2005=Seguro de FF.AA. / Policiales|2007=Seguro de FF.AA. / Policiales|2008=Seguro de FF.AA. / Policiales|2009=Seguro de FF.AA. / Policiales|2010=Seguro de FF.AA. / Policiales|2011=Seguro de FF.AA. / Policiales|2013=Seguro de FF.AA. / Policiales|2014=Seguro de FF.AA. / Policiales|2015=Seguro de FF.AA. / Policiales|2016=Seguro de FF.AA. / Policiales|2020=Seguro de FF.AA. / Policiales|2024=Seguro FF.AA./Policiales|2025=Seguro FF.AA./Policiales,True
05,p301a,2,2017,Inicial,Inicial,"2004,2005,2006,2007,2008,2009,2010,2011,2012,2013,2014,2015,2016,2020,2024,2025",2004=Educación Inicial|2005=Educación Inicial|2006=Educación Inicial|2007=Educación Inicial|2008=Educación Inicial|2009=Educación Inicial|2010=Educación Inicial|2011=Educación Inicial|2012=Educación Inicial|2013=Educación Inicial|2014=Educación Inicial|2015=Educación Inicial|2016=Educación Inicial|2020=Educaion inicial|2024=Educación inicial|2025=Educación inicial,True
05,p301a,5,2017,Secun. incompleta,secun. Incompleta,"2004,2005,2006,2007,2008,2009,2010,2011,2012,2013,2014,2015,2016,2020,2024,2025",2004=Secundaria incompleta|2005=Secundaria incompleta|2006=Secundaria incompleta|2007=Secundaria incompleta|2008=Secundaria incompleta|2009=Secundaria incompleta|2010=Secundaria incompleta|2011=Secundaria incompleta|2012=Secundaria incompleta|2013=Secundaria incompleta|2014=Secundaria incompleta|2015=Secundaria incompleta|2016=Secundaria incompleta|2020=Secundaria Incompleta|2024=Secundaria incompleta|2025=Secundaria incompleta,True
05,p301a,6,2017,Secun. completa,secun. Completa,"2004,2005,2006,2007,2008,2009,2010,2011,2012,2013,2014,2015,2016,2020,2024,2025",2004=Secundaria completa|2005=Secundaria completa|2006=Secundaria completa|2007=Secundaria completa|2008=Secundaria completa|2009=Secundaria completa|2010=Secundaria completa|2011=Secundaria completa|2012=Secundaria completa|2013=Secundaria completa|2014=Secundaria completa|2015=Secundaria completa|2016=Secundaria completa|2020=Secundaria completa|2024=Secundaria completa|2025=Secundaria completa,True
05,p301a,2,2018,Inicial,Inicial,"2004,2005,2006,2007,2008,2009,2010,2011,2012,2013,2014,2015,2016,2020,2024,2025",2004=Educación Inicial|2005=Educación Inicial|2006=Educación Inicial|2007=Educación Inicial|2008=Educación Inicial|2009=Educación Inicial|2010=Educación Inicial|2011=Educación Inicial|2012=Educación Inicial|2013=Educación Inicial|2014=Educación Inicial|2015=Educación Inicial|2016=Educación Inicial|2020=Educaion inicial|2024=Educación inicial|2025=Educación inicial,True
05,p301a,5,2018,Secun. incompleta,secun. Incompleta,"2004,2005,2006,2007,2008,2009,2010,2011,2012,2013,2014,2015,2016,2020,2024,2025",2004=Secundaria incompleta|2005=Secundaria incompleta|2006=Secundaria incompleta|2007=Secundaria incompleta|2008=Secundaria incompleta|2009=Secundaria incompleta|2010=Secundaria incompleta|2011=Secundaria incompleta|2012=Secundaria incompleta|2013=Secundaria incompleta|2014=Secundaria incompleta|2015=Secundaria incompleta|2016=Secundaria incompleta|2020=Secundaria Incompleta|2024=Secundaria incompleta|2025=Secundaria incompleta,True
05,p301a,6,2018,Secun. completa,secun. Completa,"2004,2005,2006,2007,2008,2009,2010,2011,2012,2013,2014,2015,2016,2020,2024,2025",2004=Secundaria completa|2005=Secundaria completa|2006=Secundaria completa|2007=Secundaria completa|2008=Secundaria completa|2009=Secundaria completa|2010=Secundaria completa|2011=Secundaria completa|2012=Secundaria completa|2013=Secundaria completa|2014=Secundaria completa|2015=Secundaria completa|2016=Secundaria completa|2020=Secundaria completa|2024=Secundaria completa|2025=Secundaria completa,True
05,p301a,2,2019,Inicial,Inicial,"2004,2005,2006,2007,2008,2009,2010,2011,2012,2013,2014,2015,2016,2020,2024,2025",2004=Educación Inicial|2005=Educación Inicial|2006=Educación Inicial|2007=Educación Inicial|2008=Educación Inicial|2009=Educación Inicial|2010=Educación Inicial|2011=Educación Inicial|2012=Educación Inicial|2013=Educación Inicial|2014=Educación Inicial|2015=Educación Inicial|2016=Educación Inicial|2020=Educaion inicial|2024=Educación inicial|2025=Educación inicial,True
05,p301a,5,2019,Secun. incompleta,secun. Incompleta,"2004,2005,2006,2007,2008,2009,2010,2011,2012,2013,2014,2015,2016,2020,2024,2025",2004=Secundaria incompleta|2005=Secundaria incompleta|2006=Secundaria incompleta|2007=Secundaria incompleta|2008=Secundaria incompleta|2009=Secundaria incompleta|2010=Secundaria incompleta|2011=Secundaria incompleta|2012=Secundaria incompleta|2013=Secundaria incompleta|2014=Secundaria incompleta|2015=Secundaria incompleta|2016=Secundaria incompleta|2020=Secundaria Incompleta|2024=Secundaria incompleta|2025=Secundaria incompleta,True
05,p301a,6,2019,Secun. completa,secun. Completa,"2004,2005,2006,2007,2008,2009,2010,2011,2012,2013,2014,2015,2016,2020,2024,2025",2004=Secundaria completa|2005=Secundaria completa|2006=Secundaria completa|2007=Secundaria completa|2008=Secundaria completa|2009=Secundaria completa|2010=Secundaria completa|2011=Secundaria completa|2012=Secundaria completa|2013=Secundaria completa|2014=Secundaria completa|2015=Secundaria completa|2016=Secundaria completa|2020=Secundaria completa|2024=Secundaria completa|2025=Secundaria completa,True
05,p301a,2,2021,Inicial,Inicial,"2004,2005,2006,2007,2008,2009,2010,2011,2012,2013,2014,2015,2016,2020,2024,2025",2004=Educación Inicial|2005=Educación Inicial|2006=Educación Inicial|2007=Educación Inicial|2008=Educación Inicial|2009=Educación Inicial|2010=Educación Inicial|2011=Educación Inicial|2012=Educación Inicial|2013=Educación Inicial|2014=Educación Inicial|2015=Educación Inicial|2016=Educación Inicial|2020=Educaion inicial|2024=Educación inicial|2025=Educación inicial,True
05,p301a,5,2021,Secun. incompleta,secun. Incompleta,"2004,2005,2006,2007,2008,2009,2010,2011,2012,2013,2014,2015,2016,2020,2024,2025",2004=Secundaria incompleta|2005=Secundaria incompleta|2006=Secundaria incompleta|2007=Secundaria incompleta|2008=Secundaria incompleta|2009=Secundaria incompleta|2010=Secundaria incompleta|2011=Secundaria incompleta|2012=Secundaria incompleta|2013=Secundaria incompleta|2014=Secundaria incompleta|2015=Secundaria incompleta|2016=Secundaria incompleta|2020=Secundaria Incompleta|2024=Secundaria incompleta|2025=Secundaria incompleta,True
05,p301a,6,2021,Secun. completa,secun. Completa,"2004,2005,2006,2007,2008,2009,2010,2011,2012,2013,2014,2015,2016,2020,2024,2025",2004=Secundaria completa|2005=Secundaria completa|2006=Secundaria completa|2007=Secundaria completa|2008=Secundaria completa|2009=Secundaria completa|2010=Secundaria completa|2011=Secundaria completa|2012=Secundaria completa|2013=Secundaria completa|2014=Secundaria completa|2015=Secundaria completa|2016=Secundaria completa|2020=Secundaria completa|2024=Secundaria completa|2025=Secundaria completa,True
05,p301a,2,2022,Inicial,Inicial,"2004,2005,2006,2007,2008,2009,2010,2011,2012,2013,2014,2015,2016,2020,2024,2025",2004=Educación Inicial|2005=Educación Inicial|2006=Educación Inicial|2007=Educación Inicial|2008=Educación Inicial|2009=Educación Inicial|2010=Educación Inicial|2011=Educación Inicial|2012=Educación Inicial|2013=Educación Inicial|2014=Educación Inicial|2015=Educación Inicial|2016=Educación Inicial|2020=Educaion inicial|2024=Educación inicial|2025=Educación inicial,True
05,p301a,5,2022,Secun. incompleta,secun. Incompleta,"2004,2005,2006,2007,2008,2009,2010,2011,2012,2013,2014,2015,2016,2020,2024,2025",2004=Secundaria incompleta|2005=Secundaria incompleta|2006=Secundaria incompleta|2007=Secundaria incompleta|2008=Secundaria incompleta|2009=Secundaria incompleta|2010=Secundaria incompleta|2011=Secundaria incompleta|2012=Secundaria incompleta|2013=Secundaria incompleta|2014=Secundaria incompleta|2015=Secundaria incompleta|2016=Secundaria incompleta|2020=Secundaria Incompleta|2024=Secundaria incompleta|2025=Secundaria incompleta,True
05,p301a,6,2022,Secun. completa,secun. Completa,"2004,2005,2006,2007,2008,2009,2010,2011,2012,2013,2014,2015,2016,2020,2024,2025",2004=Secundaria completa|2005=Secundaria completa|2006=Secundaria completa|2007=Secundaria completa|2008=Secundaria completa|2009=Secundaria completa|2010=Secundaria completa|2011=Secundaria completa|2012=Secundaria completa|2013=Secundaria completa|2014=Secundaria completa|2015=Secundaria completa|2016=Secundaria completa|2020=Secundaria completa|2024=Secundaria completa|2025=Secundaria completa,True
05,p301a,2,2023,Inicial,Inicial,"2004,2005,2006,2007,2008,2009,2010,2011,2012,2013,2014,2015,2016,2020,2024,2025",2004=Educación Inicial|2005=Educación Inicial|2006=Educación Inicial|2007=Educación Inicial|2008=Educación Inicial|2009=Educación Inicial|2010=Educación Inicial|2011=Educación Inicial|2012=Educación Inicial|2013=Educación Inicial|2014=Educación Inicial|2015=Educación Inicial|2016=Educación Inicial|2020=Educaion inicial|2024=Educación inicial|2025=Educación inicial,True
05,p301a,5,2023,Secun. incompleta,secun. Incompleta,"2004,2005,2006,2007,2008,2009,2010,2011,2012,2013,2014,2015,2016,2020,2024,2025",2004=Secundaria incompleta|2005=Secundaria incompleta|2006=Secundaria incompleta|2007=Secundaria incompleta|2008=Secundaria incompleta|2009=Secundaria incompleta|2010=Secundaria incompleta|2011=Secundaria incompleta|2012=Secundaria incompleta|2013=Secundaria incompleta|2014=Secundaria incompleta|2015=Secundaria incompleta|2016=Secundaria incompleta|2020=Secundaria Incompleta|2024=Secundaria incompleta|2025=Secundaria incompleta,True
05,p301a,6,2023,Secun. completa,secun. Completa,"2004,2005,2006,2007,2008,2009,2010,2011,2012,2013,2014,2015,2016,2020,2024,2025",2004=Secundaria completa|2005=Secundaria completa|2006=Secundaria completa|2007=Secundaria completa|2008=Secundaria completa|2009=Secundaria completa|2010=Secundaria completa|2011=Secundaria completa|2012=Secundaria completa|2013=Secundaria completa|2014=Secundaria completa|2015=Secundaria completa|2016=Secundaria completa|2020=Secundaria completa|2024=Secundaria completa|2025=Secundaria completa,True
05,p504,0,2017,No es omision,No es omision,"2004,2005,2006,2007,2008,2009,2010,2011,2012,2013,2014,2015,2016,2020,2024,2025",2004=Pase|2005=Pase|2006=Pase|2007=Pase|2008=Pase|2009=Pase|2010=Pase|2012=Pase|2013=Pase|2014=Pase|2015=Pase|2016=Pase|2020=Pase|2024=Pase (no es omisión),True
05,p504,0,2018,No es omision,No es omision,"2004,2005,2006,2007,2008,2009,2010,2011,2012,2013,2014,2015,2016,2020,2024,2025",2004=Pase|2005=Pase|2006=Pase|2007=Pase|2008=Pase|2009=Pase|2010=Pase|2012=Pase|2013=Pase|2014=Pase|2015=Pase|2016=Pase|2020=Pase|2024=Pase (no es omisión),True
05,p504,0,2019,No es omision,No es omision,"2004,2005,2006,2007,2008,2009,2010,2011,2012,2013,2014,2015,2016,2020,2024,2025",2004=Pase|2005=Pase|2006=Pase|2007=Pase|2008=Pase|2009=Pase|2010=Pase|2012=Pase|2013=Pase|2014=Pase|2015=Pase|2016=Pase|2020=Pase|2024=Pase (no es omisión),True
05,p504,0,2021,No es omision,No es omision,"2004,2005,2006,2007,2008,2009,2010,2011,2012,2013,2014,2015,2016,2020,2024,2025",2004=Pase|2005=Pase|2006=Pase|2007=Pase|2008=Pase|2009=Pase|2010=Pase|2012=Pase|2013=Pase|2014=Pase|2015=Pase|2016=Pase|2020=Pase|2024=Pase (no es omisión),True
05,p504,0,2022,No es omision,No es omision,"2004,2005,2006,2007,2008,2009,2010,2011,2012,2013,2014,2015,2016,2020,2024,2025",2004=Pase|2005=Pase|2006=Pase|2007=Pase|2008=Pase|2009=Pase|2010=Pase|2012=Pase|2013=Pase|2014=Pase|2015=Pase|2016=Pase|2020=Pase|2024=Pase (no es omisión),True
05,p504,0,2023,No es omision,No es omision,"2004,2005,2006,2007,2008,2009,2010,2011,2012,2013,2014,2015,2016,2020,2024,2025",2004=Pase|2005=Pase|2006=Pase|2007=Pase|2008=Pase|2009=Pase|2010=Pase|2012=Pase|2013=Pase|2014=Pase|2015=Pase|2016=Pase|2020=Pase|2024=Pase (no es omisión),True
05,p504b,7,2021,Fue despedido por presentar síntomas de coronavirus,fue despedido por presentar síntomas de coronavirus,2020,2020=Fue despedido por presenter sintomas de coronavirus,True
05,p504b,10,2021,No pudo continuar prestando sus servicios de forma independiente por el aislamiento social,no pudo continuar prestando sus servicios de forma independiente por el aislamiento social,2020,2020=No pudo continuar prestando sus servicios de forma independiente por el,True
05,p504b,12,2021,Otra razón,otra razón,2020,2020=Otra razó,True
05,p504b,7,2022,Fue despedido por presentar síntomas de coronavirus,fue despedido por presentar síntomas de coronavirus,2020,2020=Fue despedido por presenter sintomas de coronavirus,True
05,p504b,10,2022,No pudo continuar prestando sus servicios de forma independiente por el aislamiento social,no pudo continuar prestando sus servicios de forma independiente por el aislamiento social,2020,2020=No pudo continuar prestando sus servicios de forma independiente por el,True
05,p504b,12,2022,Otra razón,otra razón,2020,2020=Otra razó,True
05,p510,1,2017,"Ffaa, pnp (militares)","FFAA, PNP (Militares)","2004,2005,2006,2007,2008,2009,2010,2011,2012,2013,2014,2015,2016,2020,2024,2025","2004=Fuerzas Armadas, Policía Nacional del Perú (militares)?|2005=Fuerzas Armadas, Policía Nacional del Perú (militares)?|2006=Fuerzas Armadas, Policía Nacional del Perú (militares)?|2007=Fuerzas Armadas, Policía Nacional del Perú (militares)?|2008=Fuerzas Armadas, Policía Nacional del Perú (militares)?|2009=Fuerzas Armadas, Policía Nacional del Perú (militares)?|2010=Fuerzas Armadas, Policía Nacional del Perú (militares)?|2011=Fuerzas Armadas, Policía Nacional del Perú (militares)?|2012=Fuerzas Armadas, Policía Nacional del Perú (militares)?|2013=Fuerzas Armadas, Policía Nacional del Perú (militares)?|2014=Fuerzas Armadas, Policía Nacional del Perú (militares)?|2015=Fuerzas Armadas, Policía Nacional del Perú (militares)?|2016=Fuerzas Armadas, Policía Nacional del Perú (militares)?|2020=Fuerzas Armadas, Policía Nacional del Perú (militares)?|2024=Fuerzas Armadas, Policía Nacional del Perú (militares)|2025=Fuerzas Armadas, Policía Nacional del Perú (militares)",True
05,p510,1,2018,"Ffaa, pnp (militares)","FFAA, PNP (Militares)","2004,2005,2006,2007,2008,2009,2010,2011,2012,2013,2014,2015,2016,2020,2024,2025","2004=Fuerzas Armadas, Policía Nacional del Perú (militares)?|2005=Fuerzas Armadas, Policía Nacional del Perú (militares)?|2006=Fuerzas Armadas, Policía Nacional del Perú (militares)?|2007=Fuerzas Armadas, Policía Nacional del Perú (militares)?|2008=Fuerzas Armadas, Policía Nacional del Perú (militares)?|2009=Fuerzas Armadas, Policía Nacional del Perú (militares)?|2010=Fuerzas Armadas, Policía Nacional del Perú (militares)?|2011=Fuerzas Armadas, Policía Nacional del Perú (militares)?|2012=Fuerzas Armadas, Policía Nacional del Perú (militares)?|2013=Fuerzas Armadas, Policía Nacional del Perú (militares)?|2014=Fuerzas Armadas, Policía Nacional del Perú (militares)?|2015=Fuerzas Armadas, Policía Nacional del Perú (militares)?|2016=Fuerzas Armadas, Policía Nacional del Perú (militares)?|2020=Fuerzas Armadas, Policía Nacional del Perú (militares)?|2024=Fuerzas Armadas, Policía Nacional del Perú (militares)|2025=Fuerzas Armadas, Policía Nacional del Perú (militares)",True
05,p510,1,2019,"Ffaa, pnp (militares)","FFAA, PNP (Militares)","2004,2005,2006,2007,2008,2009,2010,2011,2012,2013,2014,2015,2016,2020,2024,2025","2004=Fuerzas Armadas, Policía Nacional del Perú (militares)?|2005=Fuerzas Armadas, Policía Nacional del Perú (militares)?|2006=Fuerzas Armadas, Policía Nacional del Perú (militares)?|2007=Fuerzas Armadas, Policía Nacional del Perú (militares)?|2008=Fuerzas Armadas, Policía Nacional del Perú (militares)?|2009=Fuerzas Armadas, Policía Nacional del Perú (militares)?|2010=Fuerzas Armadas, Policía Nacional del Perú (militares)?|2011=Fuerzas Armadas, Policía Nacional del Perú (militares)?|2012=Fuerzas Armadas, Policía Nacional del Perú (militares)?|2013=Fuerzas Armadas, Policía Nacional del Perú (militares)?|2014=Fuerzas Armadas, Policía Nacional del Perú (militares)?|2015=Fuerzas Armadas, Policía Nacional del Perú (militares)?|2016=Fuerzas Armadas, Policía Nacional del Perú (militares)?|2020=Fuerzas Armadas, Policía Nacional del Perú (militares)?|2024=Fuerzas Armadas, Policía Nacional del Perú (militares)|2025=Fuerzas Armadas, Policía Nacional del Perú (militares)",True
05,p510,1,2021,"Ffaa, pnp (militares)","FFAA, PNP (Militares)","2004,2005,2006,2007,2008,2009,2010,2011,2012,2013,2014,2015,2016,2020,2024,2025","2004=Fuerzas Armadas, Policía Nacional del Perú (militares)?|2005=Fuerzas Armadas, Policía Nacional del Perú (militares)?|2006=Fuerzas Armadas, Policía Nacional del Perú (militares)?|2007=Fuerzas Armadas, Policía Nacional del Perú (militares)?|2008=Fuerzas Armadas, Policía Nacional del Perú (militares)?|2009=Fuerzas Armadas, Policía Nacional del Perú (militares)?|2010=Fuerzas Armadas, Policía Nacional del Perú (militares)?|2011=Fuerzas Armadas, Policía Nacional del Perú (militares)?|2012=Fuerzas Armadas, Policía Nacional del Perú (militares)?|2013=Fuerzas Armadas, Policía Nacional del Perú (militares)?|2014=Fuerzas Armadas, Policía Nacional del Perú (militares)?|2015=Fuerzas Armadas, Policía Nacional del Perú (militares)?|2016=Fuerzas Armadas, Policía Nacional del Perú (militares)?|2020=Fuerzas Armadas, Policía Nacional del Perú (militares)?|2024=Fuerzas Armadas, Policía Nacional del Perú (militares)|2025=Fuerzas Armadas, Policía Nacional del Perú (militares)",True
05,p510,1,2022,"Ffaa, pnp (militares)","FFAA, PNP (Militares)","2004,2005,2006,2007,2008,2009,2010,2011,2012,2013,2014,2015,2016,2020,2024,2025","2004=Fuerzas Armadas, Policía Nacional del Perú (militares)?|2005=Fuerzas Armadas, Policía Nacional del Perú (militares)?|2006=Fuerzas Armadas, Policía Nacional del Perú (militares)?|2007=Fuerzas Armadas, Policía Nacional del Perú (militares)?|2008=Fuerzas Armadas, Policía Nacional del Perú (militares)?|2009=Fuerzas Armadas, Policía Nacional del Perú (militares)?|2010=Fuerzas Armadas, Policía Nacional del Perú (militares)?|2011=Fuerzas Armadas, Policía Nacional del Perú (militares)?|2012=Fuerzas Armadas, Policía Nacional del Perú (militares)?|2013=Fuerzas Armadas, Policía Nacional del Perú (militares)?|2014=Fuerzas Armadas, Policía Nacional del Perú (militares)?|2015=Fuerzas Armadas, Policía Nacional del Perú (militares)?|2016=Fuerzas Armadas, Policía Nacional del Perú (militares)?|2020=Fuerzas Armadas, Policía Nacional del Perú (militares)?|2024=Fuerzas Armadas, Policía Nacional del Perú (militares)|2025=Fuerzas Armadas, Policía Nacional del Perú (militares)",True
05,p510,1,2023,"Ffaa, pnp (militares)","FFAA, PNP (Militares)","2004,2005,2006,2007,2008,2009,2010,2011,2012,2013,2014,2015,2016,2020,2024,2025","2004=Fuerzas Armadas, Policía Nacional del Perú (militares)?|2005=Fuerzas Armadas, Policía Nacional del Perú (militares)?|2006=Fuerzas Armadas, Policía Nacional del Perú (militares)?|2007=Fuerzas Armadas, Policía Nacional del Perú (militares)?|2008=Fuerzas Armadas, Policía Nacional del Perú (militares)?|2009=Fuerzas Armadas, Policía Nacional del Perú (militares)?|2010=Fuerzas Armadas, Policía Nacional del Perú (militares)?|2011=Fuerzas Armadas, Policía Nacional del Perú (militares)?|2012=Fuerzas Armadas, Policía Nacional del Perú (militares)?|2013=Fuerzas Armadas, Policía Nacional del Perú (militares)?|2014=Fuerzas Armadas, Policía Nacional del Perú (militares)?|2015=Fuerzas Armadas, Policía Nacional del Perú (militares)?|2016=Fuerzas Armadas, Policía Nacional del Perú (militares)?|2020=Fuerzas Armadas, Policía Nacional del Perú (militares)?|2024=Fuerzas Armadas, Policía Nacional del Perú (militares)|2025=Fuerzas Armadas, Policía Nacional del Perú (militares)",True
05,p510a1,1,2017,"Persona juridica (sociedad anonima, srl, sociedad civil, eirl, etc.)","Persona Juridica (Sociedad Anonima, SRL, Sociedad Civil, EIRL, etc.)","2012,2013,2014,2015,2016,2020,2024,2025",2013=Persona Jurídica (Sociedad Anónima; SRL; Sociedad Civil; EIR|2014=Persona Jurídica (Sociedad Anónima; SRL; Sociedad Civil; EIR|2015=Persona Jurídica (Sociedad Anónima; SRL; Sociedad Civil; EIR|2016=Persona Jurídica (Sociedad Anónima; SRL; Sociedad Civil; EIR|2020=Persona Jurídica (Sociedad Anónima; SRL; Sociedad Civil; EIRL;…)|2024=Persona Jurídica (Sociedad Anónima; SRL; Sociedad Civil; EIRL; Fundación ó|2025=Persona Jurídica (Sociedad Anónima; SRL; Sociedad Civil; EIRL; Fundación ó,True
05,p510a1,1,2018,"Persona juridica (sociedad anonima, srl, sociedad civil, eirl, etc.)","Persona Juridica (Sociedad Anonima, SRL, Sociedad Civil, EIRL, etc.)","2012,2013,2014,2015,2016,2020,2024,2025",2013=Persona Jurídica (Sociedad Anónima; SRL; Sociedad Civil; EIR|2014=Persona Jurídica (Sociedad Anónima; SRL; Sociedad Civil; EIR|2015=Persona Jurídica (Sociedad Anónima; SRL; Sociedad Civil; EIR|2016=Persona Jurídica (Sociedad Anónima; SRL; Sociedad Civil; EIR|2020=Persona Jurídica (Sociedad Anónima; SRL; Sociedad Civil; EIRL;…)|2024=Persona Jurídica (Sociedad Anónima; SRL; Sociedad Civil; EIRL; Fundación ó|2025=Persona Jurídica (Sociedad Anónima; SRL; Sociedad Civil; EIRL; Fundación ó,True
05,p510a1,1,2019,"Persona juridica (sociedad anonima, srl, sociedad civil, eirl, etc.)","Persona Juridica (Sociedad Anonima, SRL, Sociedad Civil, EIRL, etc.)","2012,2013,2014,2015,2016,2020,2024,2025",2013=Persona Jurídica (Sociedad Anónima; SRL; Sociedad Civil; EIR|2014=Persona Jurídica (Sociedad Anónima; SRL; Sociedad Civil; EIR|2015=Persona Jurídica (Sociedad Anónima; SRL; Sociedad Civil; EIR|2016=Persona Jurídica (Sociedad Anónima; SRL; Sociedad Civil; EIR|2020=Persona Jurídica (Sociedad Anónima; SRL; Sociedad Civil; EIRL;…)|2024=Persona Jurídica (Sociedad Anónima; SRL; Sociedad Civil; EIRL; Fundación ó|2025=Persona Jurídica (Sociedad Anónima; SRL; Sociedad Civil; EIRL; Fundación ó,True
05,p510a1,1,2021,"Persona juridica (sociedad anonima, srl, sociedad civil, eirl, etc.)","Persona Juridica (Sociedad Anonima, SRL, Sociedad Civil, EIRL, etc.)","2012,2013,2014,2015,2016,2020,2024,2025",2013=Persona Jurídica (Sociedad Anónima; SRL; Sociedad Civil; EIR|2014=Persona Jurídica (Sociedad Anónima; SRL; Sociedad Civil; EIR|2015=Persona Jurídica (Sociedad Anónima; SRL; Sociedad Civil; EIR|2016=Persona Jurídica (Sociedad Anónima; SRL; Sociedad Civil; EIR|2020=Persona Jurídica (Sociedad Anónima; SRL; Sociedad Civil; EIRL;…)|2024=Persona Jurídica (Sociedad Anónima; SRL; Sociedad Civil; EIRL; Fundación ó|2025=Persona Jurídica (Sociedad Anónima; SRL; Sociedad Civil; EIRL; Fundación ó,True
05,p510a1,1,2022,"Persona juridica (sociedad anonima, srl, sociedad civil, eirl, etc.)","Persona Juridica (Sociedad Anonima, SRL, Sociedad Civil, EIRL, etc.)","2012,2013,2014,2015,2016,2020,2024,2025",2013=Persona Jurídica (Sociedad Anónima; SRL; Sociedad Civil; EIR|2014=Persona Jurídica (Sociedad Anónima; SRL; Sociedad Civil; EIR|2015=Persona Jurídica (Sociedad Anónima; SRL; Sociedad Civil; EIR|2016=Persona Jurídica (Sociedad Anónima; SRL; Sociedad Civil; EIR|2020=Persona Jurídica (Sociedad Anónima; SRL; Sociedad Civil; EIRL;…)|2024=Persona Jurídica (Sociedad Anónima; SRL; Sociedad Civil; EIRL; Fundación ó|2025=Persona Jurídica (Sociedad Anónima; SRL; Sociedad Civil; EIRL; Fundación ó,True
05,p510a1,1,2023,"Persona juridica (sociedad anonima, srl, sociedad civil, eirl, etc.)","Persona Juridica (Sociedad Anonima, SRL, Sociedad Civil, EIRL, etc.)","2012,2013,2014,2015,2016,2020,2024,2025",2013=Persona Jurídica (Sociedad Anónima; SRL; Sociedad Civil; EIR|2014=Persona Jurídica (Sociedad Anónima; SRL; Sociedad Civil; EIR|2015=Persona Jurídica (Sociedad Anónima; SRL; Sociedad Civil; EIR|2016=Persona Jurídica (Sociedad Anónima; SRL; Sociedad Civil; EIR|2020=Persona Jurídica (Sociedad Anónima; SRL; Sociedad Civil; EIRL;…)|2024=Persona Jurídica (Sociedad Anónima; SRL; Sociedad Civil; EIRL; Fundación ó|2025=Persona Jurídica (Sociedad Anónima; SRL; Sociedad Civil; EIRL; Fundación ó,True
05,p5116,1,2017,Honorarios profesionales (con ruc),Honorarios profesionales (con RUC),"2004,2005,2006,2007,2008,2009,2010,2011,2012,2013,2014,2015,2016,2020,2024,2025",2024=Honorarios profesionals (con RUC)|2025=Honorarios profesionals (con RUC),True
05,p5116,1,2018,Honorarios profesionales (con ruc),Honorarios profesionales (con RUC),"2004,2005,2006,2007,2008,2009,2010,2011,2012,2013,2014,2015,2016,2020,2024,2025",2024=Honorarios profesionals (con RUC)|2025=Honorarios profesionals (con RUC),True
05,p5116,1,2019,Honorarios profesionales (con ruc),Honorarios profesionales (con RUC),"2004,2005,2006,2007,2008,2009,2010,2011,2012,2013,2014,2015,2016,2020,2024,2025",2024=Honorarios profesionals (con RUC)|2025=Honorarios profesionals (con RUC),True
05,p5116,1,2021,Honorarios profesionales (con ruc),Honorarios profesionales (con RUC),"2004,2005,2006,2007,2008,2009,2010,2011,2012,2013,2014,2015,2016,2020,2024,2025",2024=Honorarios profesionals (con RUC)|2025=Honorarios profesionals (con RUC),True
05,p5116,1,2022,Honorarios profesionales (con ruc),Honorarios profesionales (con RUC),"2004,2005,2006,2007,2008,2009,2010,2011,2012,2013,2014,2015,2016,2020,2024,2025",2024=Honorarios profesionals (con RUC)|2025=Honorarios profesionals (con RUC),True
05,p5116,1,2023,Honorarios profesionales (con ruc),Honorarios profesionales (con RUC),"2004,2005,2006,2007,2008,2009,2010,2011,2012,2013,2014,2015,2016,2020,2024,2025",2024=Honorarios profesionals (con RUC)|2025=Honorarios profesionals (con RUC),True
05,p517b1,1,2017,"Persona juridica (sociedad anonima; srl, sociedad civil, eirl, fundacion o asociacion, etc.)","Persona Juridica (Sociedad Anonima; SRL, Sociedad Civil, EIRL, Fundacion o Asociacion, etc.)","2012,2013,2014,2015,2016,2020,2024,2025",2013=Persona Jurídica (Sociedad Anónima; SRL; Sociedad Civil; EIR…)|2014=Persona Jurídica (Sociedad Anónima; SRL; Sociedad Civil; EIR…)|2015=Persona Jurídica (Sociedad Anónima; SRL; Sociedad Civil; EIR…)|2016=Persona Jurídica (Sociedad Anónima; SRL; Sociedad Civil; EIR…)|2020=Persona Jurídica (Sociedad Anónima; SRL; Sociedad Civil; EIR…)|2024=Persona Jurídica (Sociedad Anónima; SRL; Sociedad Civil; EIRL; Fundación ó|2025=Persona Jurídica (Sociedad Anónima; SRL; Sociedad Civil; EIRL; Fundación ó,True
05,p517b1,1,2018,"Persona juridica (sociedad anonima; srl, sociedad civil, eirl, fundacion o asociacion, etc.)","Persona Juridica (Sociedad Anonima; SRL, Sociedad Civil, EIRL, Fundacion o Asociacion, etc.)","2012,2013,2014,2015,2016,2020,2024,2025",2013=Persona Jurídica (Sociedad Anónima; SRL; Sociedad Civil; EIR…)|2014=Persona Jurídica (Sociedad Anónima; SRL; Sociedad Civil; EIR…)|2015=Persona Jurídica (Sociedad Anónima; SRL; Sociedad Civil; EIR…)|2016=Persona Jurídica (Sociedad Anónima; SRL; Sociedad Civil; EIR…)|2020=Persona Jurídica (Sociedad Anónima; SRL; Sociedad Civil; EIR…)|2024=Persona Jurídica (Sociedad Anónima; SRL; Sociedad Civil; EIRL; Fundación ó|2025=Persona Jurídica (Sociedad Anónima; SRL; Sociedad Civil; EIRL; Fundación ó,True
05,p517b1,1,2019,"Persona juridica (sociedad anonima; srl, sociedad civil, eirl, fundacion o asociacion, etc.)","Persona Juridica (Sociedad Anonima; SRL, Sociedad Civil, EIRL, Fundacion o Asociacion, etc.)","2012,2013,2014,2015,2016,2020,2024,2025",2013=Persona Jurídica (Sociedad Anónima; SRL; Sociedad Civil; EIR…)|2014=Persona Jurídica (Sociedad Anónima; SRL; Sociedad Civil; EIR…)|2015=Persona Jurídica (Sociedad Anónima; SRL; Sociedad Civil; EIR…)|2016=Persona Jurídica (Sociedad Anónima; SRL; Sociedad Civil; EIR…)|2020=Persona Jurídica (Sociedad Anónima; SRL; Sociedad Civil; EIR…)|2024=Persona Jurídica (Sociedad Anónima; SRL; Sociedad Civil; EIRL; Fundación ó|2025=Persona Jurídica (Sociedad Anónima; SRL; Sociedad Civil; EIRL; Fundación ó,True
05,p517b1,1,2021,"Persona juridica (sociedad anonima; srl, sociedad civil, eirl, fundacion o asociacion, etc.)","Persona Juridica (Sociedad Anonima; SRL, Sociedad Civil, EIRL, Fundacion o Asociacion, etc.)","2012,2013,2014,2015,2016,2020,2024,2025",2013=Persona Jurídica (Sociedad Anónima; SRL; Sociedad Civil; EIR…)|2014=Persona Jurídica (Sociedad Anónima; SRL; Sociedad Civil; EIR…)|2015=Persona Jurídica (Sociedad Anónima; SRL; Sociedad Civil; EIR…)|2016=Persona Jurídica (Sociedad Anónima; SRL; Sociedad Civil; EIR…)|2020=Persona Jurídica (Sociedad Anónima; SRL; Sociedad Civil; EIR…)|2024=Persona Jurídica (Sociedad Anónima; SRL; Sociedad Civil; EIRL; Fundación ó|2025=Persona Jurídica (Sociedad Anónima; SRL; Sociedad Civil; EIRL; Fundación ó,True
05,p517b1,1,2022,"Persona juridica (sociedad anonima; srl, sociedad civil, eirl, fundacion o asociacion, etc.)","Persona Juridica (Sociedad Anonima; SRL, Sociedad Civil, EIRL, Fundacion o Asociacion, etc.)","2012,2013,2014,2015,2016,2020,2024,2025",2013=Persona Jurídica (Sociedad Anónima; SRL; Sociedad Civil; EIR…)|2014=Persona Jurídica (Sociedad Anónima; SRL; Sociedad Civil; EIR…)|2015=Persona Jurídica (Sociedad Anónima; SRL; Sociedad Civil; EIR…)|2016=Persona Jurídica (Sociedad Anónima; SRL; Sociedad Civil; EIR…)|2020=Persona Jurídica (Sociedad Anónima; SRL; Sociedad Civil; EIR…)|2024=Persona Jurídica (Sociedad Anónima; SRL; Sociedad Civil; EIRL; Fundación ó|2025=Persona Jurídica (Sociedad Anónima; SRL; Sociedad Civil; EIRL; Fundación ó,True
05,p517b1,1,2023,"Persona juridica (sociedad anonima; srl, sociedad civil, eirl, fundacion o asociacion, etc.)","Persona Juridica (Sociedad Anonima; SRL, Sociedad Civil, EIRL, Fundacion o Asociacion, etc.)","2012,2013,2014,2015,2016,2020,2024,2025",2013=Persona Jurídica (Sociedad Anónima; SRL; Sociedad Civil; EIR…)|2014=Persona Jurídica (Sociedad Anónima; SRL; Sociedad Civil; EIR…)|2015=Persona Jurídica (Sociedad Anónima; SRL; Sociedad Civil; EIR…)|2016=Persona Jurídica (Sociedad Anónima; SRL; Sociedad Civil; EIR…)|2020=Persona Jurídica (Sociedad Anónima; SRL; Sociedad Civil; EIR…)|2024=Persona Jurídica (Sociedad Anónima; SRL; Sociedad Civil; EIRL; Fundación ó|2025=Persona Jurídica (Sociedad Anónima; SRL; Sociedad Civil; EIRL; Fundación ó,True
05,p520a,5,2017,"Porque se redujo la jornada de trabajo por disminucion de produccion, etc.","Porque se redujo la jornada de trabajo por disminucion de produccion, etc.","2012,2013,2014,2015,2016,2020,2024,2025","2013=Porque se redujo la jornada de trabajo por disminución de pr|2014=Porque se redujo la jornada de trabajo por disminución de pr|2015=Porque se redujo la jornada de trabajo por disminución de pr|2016=Porque se redujo la jornada de trabajo por disminución de pr|2020=Porque se redujo la jornada de trabajo por disminución de producción, …|2024=Porque se redujo la jornada de trabajo por disminución de producción, mal tiempo,|2025=Porque se redujo la jornada de trabajo por disminución de producción, mal tiempo,",True
05,p520a,5,2018,"Porque se redujo la jornada de trabajo por disminucion de produccion, etc.","Porque se redujo la jornada de trabajo por disminucion de produccion, etc.","2012,2013,2014,2015,2016,2020,2024,2025","2013=Porque se redujo la jornada de trabajo por disminución de pr|2014=Porque se redujo la jornada de trabajo por disminución de pr|2015=Porque se redujo la jornada de trabajo por disminución de pr|2016=Porque se redujo la jornada de trabajo por disminución de pr|2020=Porque se redujo la jornada de trabajo por disminución de producción, …|2024=Porque se redujo la jornada de trabajo por disminución de producción, mal tiempo,|2025=Porque se redujo la jornada de trabajo por disminución de producción, mal tiempo,",True
05,p520a,5,2019,"Porque se redujo la jornada de trabajo por disminucion de produccion, etc.","Porque se redujo la jornada de trabajo por disminucion de produccion, etc.","2012,2013,2014,2015,2016,2020,2024,2025","2013=Porque se redujo la jornada de trabajo por disminución de pr|2014=Porque se redujo la jornada de trabajo por disminución de pr|2015=Porque se redujo la jornada de trabajo por disminución de pr|2016=Porque se redujo la jornada de trabajo por disminución de pr|2020=Porque se redujo la jornada de trabajo por disminución de producción, …|2024=Porque se redujo la jornada de trabajo por disminución de producción, mal tiempo,|2025=Porque se redujo la jornada de trabajo por disminución de producción, mal tiempo,",True
05,p520a,5,2021,"Porque se redujo la jornada de trabajo por disminucion de produccion, etc.","Porque se redujo la jornada de trabajo por disminucion de produccion, etc.","2012,2013,2014,2015,2016,2020,2024,2025","2013=Porque se redujo la jornada de trabajo por disminución de pr|2014=Porque se redujo la jornada de trabajo por disminución de pr|2015=Porque se redujo la jornada de trabajo por disminución de pr|2016=Porque se redujo la jornada de trabajo por disminución de pr|2020=Porque se redujo la jornada de trabajo por disminución de producción, …|2024=Porque se redujo la jornada de trabajo por disminución de producción, mal tiempo,|2025=Porque se redujo la jornada de trabajo por disminución de producción, mal tiempo,",True
05,p520a,5,2022,"Porque se redujo la jornada de trabajo por disminucion de produccion, etc.","Porque se redujo la jornada de trabajo por disminucion de produccion, etc.","2012,2013,2014,2015,2016,2020,2024,2025","2013=Porque se redujo la jornada de trabajo por disminución de pr|2014=Porque se redujo la jornada de trabajo por disminución de pr|2015=Porque se redujo la jornada de trabajo por disminución de pr|2016=Porque se redujo la jornada de trabajo por disminución de pr|2020=Porque se redujo la jornada de trabajo por disminución de producción, …|2024=Porque se redujo la jornada de trabajo por disminución de producción, mal tiempo,|2025=Porque se redujo la jornada de trabajo por disminución de producción, mal tiempo,",True
05,p520a,5,2023,"Porque se redujo la jornada de trabajo por disminucion de produccion, etc.","Porque se redujo la jornada de trabajo por disminucion de produccion, etc.","2012,2013,2014,2015,2016,2020,2024,2025","2013=Porque se redujo la jornada de trabajo por disminución de pr|2014=Porque se redujo la jornada de trabajo por disminución de pr|2015=Porque se redujo la jornada de trabajo por disminución de pr|2016=Porque se redujo la jornada de trabajo por disminución de pr|2020=Porque se redujo la jornada de trabajo por disminución de producción, …|2024=Porque se redujo la jornada de trabajo por disminución de producción, mal tiempo,|2025=Porque se redujo la jornada de trabajo por disminución de producción, mal tiempo,",True
05,p521d,3,2017,Porque desea un trabajo no riesgoso y que no afecte su salud,Porque desea un trabajo no riesgoso y que no afecte su salud,"2012,2013,2014,2015,2016,2020,2024,2025",2013=Porque desea un trabajo no riesgoso (seguro) y que no afecte|2014=Porque desea un trabajo no riesgoso (seguro) y que no afecte|2015=Porque desea un trabajo no riesgoso (seguro) y que no afecte|2016=Porque desea un trabajo no riesgoso (seguro) y que no afecte?|2020=Porque desea un trabajo no riesgoso (seguro) y que noafecte?|2024=Porque desea un trabajo no riesgoso (seguro) y que no afecte su salud|2025=Porque desea un trabajo no riesgoso (seguro) y que no afecte su salud,True
05,p521d,4,2017,Porque busca trabajar mas,Porque busca trabajar mas,"2012,2013,2014,2015,2016,2020,2024,2025","2013=Porque busca trabajar más (en una segunda actividad o en un|2014=Porque busca trabajar más (en una segunda actividad o en un|2015=Porque busca trabajar más (en una segunda actividad o en un|2016=Porque busca trabajar más (en una segunda actividad,empleo?|2020=Porque busca trabajar más (en una segunda actividad,empleo?|2024=Porque busca trabajar más(en una segunda actividad o en un empleo con más|2025=Porque busca trabajar más(en una segunda actividad o en un empleo con más",True
05,p521d,3,2018,Porque desea un trabajo no riesgoso y que no afecte su salud,Porque desea un trabajo no riesgoso y que no afecte su salud,"2012,2013,2014,2015,2016,2020,2024,2025",2013=Porque desea un trabajo no riesgoso (seguro) y que no afecte|2014=Porque desea un trabajo no riesgoso (seguro) y que no afecte|2015=Porque desea un trabajo no riesgoso (seguro) y que no afecte|2016=Porque desea un trabajo no riesgoso (seguro) y que no afecte?|2020=Porque desea un trabajo no riesgoso (seguro) y que noafecte?|2024=Porque desea un trabajo no riesgoso (seguro) y que no afecte su salud|2025=Porque desea un trabajo no riesgoso (seguro) y que no afecte su salud,True
05,p521d,4,2018,Porque busca trabajar mas,Porque busca trabajar mas,"2012,2013,2014,2015,2016,2020,2024,2025","2013=Porque busca trabajar más (en una segunda actividad o en un|2014=Porque busca trabajar más (en una segunda actividad o en un|2015=Porque busca trabajar más (en una segunda actividad o en un|2016=Porque busca trabajar más (en una segunda actividad,empleo?|2020=Porque busca trabajar más (en una segunda actividad,empleo?|2024=Porque busca trabajar más(en una segunda actividad o en un empleo con más|2025=Porque busca trabajar más(en una segunda actividad o en un empleo con más",True
05,p521d,3,2019,Porque desea un trabajo no riesgoso y que no afecte su salud,Porque desea un trabajo no riesgoso y que no afecte su salud,"2012,2013,2014,2015,2016,2020,2024,2025",2013=Porque desea un trabajo no riesgoso (seguro) y que no afecte|2014=Porque desea un trabajo no riesgoso (seguro) y que no afecte|2015=Porque desea un trabajo no riesgoso (seguro) y que no afecte|2016=Porque desea un trabajo no riesgoso (seguro) y que no afecte?|2020=Porque desea un trabajo no riesgoso (seguro) y que noafecte?|2024=Porque desea un trabajo no riesgoso (seguro) y que no afecte su salud|2025=Porque desea un trabajo no riesgoso (seguro) y que no afecte su salud,True
05,p521d,4,2019,Porque busca trabajar mas,Porque busca trabajar mas,"2012,2013,2014,2015,2016,2020,2024,2025","2013=Porque busca trabajar más (en una segunda actividad o en un|2014=Porque busca trabajar más (en una segunda actividad o en un|2015=Porque busca trabajar más (en una segunda actividad o en un|2016=Porque busca trabajar más (en una segunda actividad,empleo?|2020=Porque busca trabajar más (en una segunda actividad,empleo?|2024=Porque busca trabajar más(en una segunda actividad o en un empleo con más|2025=Porque busca trabajar más(en una segunda actividad o en un empleo con más",True
05,p521d,3,2021,Porque desea un trabajo no riesgoso y que no afecte su salud,Porque desea un trabajo no riesgoso y que no afecte su salud,"2012,2013,2014,2015,2016,2020,2024,2025",2013=Porque desea un trabajo no riesgoso (seguro) y que no afecte|2014=Porque desea un trabajo no riesgoso (seguro) y que no afecte|2015=Porque desea un trabajo no riesgoso (seguro) y que no afecte|2016=Porque desea un trabajo no riesgoso (seguro) y que no afecte?|2020=Porque desea un trabajo no riesgoso (seguro) y que noafecte?|2024=Porque desea un trabajo no riesgoso (seguro) y que no afecte su salud|2025=Porque desea un trabajo no riesgoso (seguro) y que no afecte su salud,True
05,p521d,4,2021,Porque busca trabajar mas,Porque busca trabajar mas,"2012,2013,2014,2015,2016,2020,2024,2025","2013=Porque busca trabajar más (en una segunda actividad o en un|2014=Porque busca trabajar más (en una segunda actividad o en un|2015=Porque busca trabajar más (en una segunda actividad o en un|2016=Porque busca trabajar más (en una segunda actividad,empleo?|2020=Porque busca trabajar más (en una segunda actividad,empleo?|2024=Porque busca trabajar más(en una segunda actividad o en un empleo con más|2025=Porque busca trabajar más(en una segunda actividad o en un empleo con más",True
05,p521d,3,2022,Porque desea un trabajo no riesgoso y que no afecte su salud,Porque desea un trabajo no riesgoso y que no afecte su salud,"2012,2013,2014,2015,2016,2020,2024,2025",2013=Porque desea un trabajo no riesgoso (seguro) y que no afecte|2014=Porque desea un trabajo no riesgoso (seguro) y que no afecte|2015=Porque desea un trabajo no riesgoso (seguro) y que no afecte|2016=Porque desea un trabajo no riesgoso (seguro) y que no afecte?|2020=Porque desea un trabajo no riesgoso (seguro) y que noafecte?|2024=Porque desea un trabajo no riesgoso (seguro) y que no afecte su salud|2025=Porque desea un trabajo no riesgoso (seguro) y que no afecte su salud,True
05,p521d,4,2022,Porque busca trabajar mas,Porque busca trabajar mas,"2012,2013,2014,2015,2016,2020,2024,2025","2013=Porque busca trabajar más (en una segunda actividad o en un|2014=Porque busca trabajar más (en una segunda actividad o en un|2015=Porque busca trabajar más (en una segunda actividad o en un|2016=Porque busca trabajar más (en una segunda actividad,empleo?|2020=Porque busca trabajar más (en una segunda actividad,empleo?|2024=Porque busca trabajar más(en una segunda actividad o en un empleo con más|2025=Porque busca trabajar más(en una segunda actividad o en un empleo con más",True
05,p521d,3,2023,Porque desea un trabajo no riesgoso y que no afecte su salud,Porque desea un trabajo no riesgoso y que no afecte su salud,"2012,2013,2014,2015,2016,2020,2024,2025",2013=Porque desea un trabajo no riesgoso (seguro) y que no afecte|2014=Porque desea un trabajo no riesgoso (seguro) y que no afecte|2015=Porque desea un trabajo no riesgoso (seguro) y que no afecte|2016=Porque desea un trabajo no riesgoso (seguro) y que no afecte?|2020=Porque desea un trabajo no riesgoso (seguro) y que noafecte?|2024=Porque desea un trabajo no riesgoso (seguro) y que no afecte su salud|2025=Porque desea un trabajo no riesgoso (seguro) y que no afecte su salud,True
05,p521d,4,2023,Porque busca trabajar mas,Porque busca trabajar mas,"2012,2013,2014,2015,2016,2020,2024,2025","2013=Porque busca trabajar más (en una segunda actividad o en un|2014=Porque busca trabajar más (en una segunda actividad o en un|2015=Porque busca trabajar más (en una segunda actividad o en un|2016=Porque busca trabajar más (en una segunda actividad,empleo?|2020=Porque busca trabajar más (en una segunda actividad,empleo?|2024=Porque busca trabajar más(en una segunda actividad o en un empleo con más|2025=Porque busca trabajar más(en una segunda actividad o en un empleo con más",True
05,p522a,1,2021,"De manera presencial, en su centro de trabajo, todos los días laborales, como  de costumbre","de manera presencial, en su centro de trabajo, todos los días laborales, como  de costumbre",2020,"2020=De manera presencial, en su centro de trabajo, todos los días laborales, como de",True
05,p522a,3,2021,"Desde su domicilio, realizando trabajo remoto (usando una computadora, laptop, etc.)","desde su domicilio, realizando trabajo remoto (usando una computadora, laptop, etc.)",2020,"2020=Desde su domicilio, realizando trabajo remoto (Usando una computadora, laptop,",True
05,p522a,1,2022,"De manera presencial, en su centro de trabajo, todos los días laborales, como  de costumbre","de manera presencial, en su centro de trabajo, todos los días laborales, como  de costumbre",2020,"2020=De manera presencial, en su centro de trabajo, todos los días laborales, como de",True
05,p522a,3,2022,"Desde su domicilio, realizando trabajo remoto (usando una computadora, laptop, etc.)","desde su domicilio, realizando trabajo remoto (usando una computadora, laptop, etc.)",2020,"2020=Desde su domicilio, realizando trabajo remoto (Usando una computadora, laptop,",True
05,p529j,1,2021,"Por cierre temporal de negocio propio, por  aislamiento social obligatorio por  coronavirus","por cierre temporal de negocio propio, por  aislamiento social obligatorio por  coronavirus",2020,"2020=Por cierre temporal de negocio propio, por aislamiento social obligatorio por",True
05,p529j,1,2022,"Por cierre temporal de negocio propio, por  aislamiento social obligatorio por  coronavirus","por cierre temporal de negocio propio, por  aislamiento social obligatorio por  coronavirus",2020,"2020=Por cierre temporal de negocio propio, por aislamiento social obligatorio por",True
05,p546,3,2017,"Esperando el inicio de un trabajo dependiente (como obrero, empleado, o trabajador del hogar)","Esperando el inicio de un trabajo dependiente (como obrero, empleado, o trabajador del hogar)","2004,2005,2006,2007,2008,2009,2010,2011,2012,2013,2014,2015,2016,2020,2024,2025","2004=Esperando el inicio de un trabajo dependiente?|2005=Esperando el inicio de un trabajo dependiente?|2006=Esperando el inicio de un trabajo dependiente?|2007=Esperando el inicio de un trabajo dependiente?|2008=Esperando el inicio de un trabajo dependiente?|2009=Esperando el inicio de un trabajo dependiente?|2010=Esperando el inicio de un trabajo dependiente?|2012=Esperando el inicio de un trabajo dependiente?|2013=Esperando el inicio de un trabajo dependiente?|2014=Esperando el inicio de un trabajo dependiente?|2015=Esperando el inicio de un trabajo dependiente?|2016=Esperando el inicio de un trabajo dependiente?|2020=Esperando el inicio de un trabajo dependiente?|2024=Esperando el inicio de un trabajo dependiente (como obrero, empleado, o|2025=Esperando el inicio de un trabajo dependiente (como obrero, empleado, o",True
05,p546,3,2018,"Esperando el inicio de un trabajo dependiente (como obrero, empleado, o trabajador del hogar)","Esperando el inicio de un trabajo dependiente (como obrero, empleado, o trabajador del hogar)","2004,2005,2006,2007,2008,2009,2010,2011,2012,2013,2014,2015,2016,2020,2024,2025","2004=Esperando el inicio de un trabajo dependiente?|2005=Esperando el inicio de un trabajo dependiente?|2006=Esperando el inicio de un trabajo dependiente?|2007=Esperando el inicio de un trabajo dependiente?|2008=Esperando el inicio de un trabajo dependiente?|2009=Esperando el inicio de un trabajo dependiente?|2010=Esperando el inicio de un trabajo dependiente?|2012=Esperando el inicio de un trabajo dependiente?|2013=Esperando el inicio de un trabajo dependiente?|2014=Esperando el inicio de un trabajo dependiente?|2015=Esperando el inicio de un trabajo dependiente?|2016=Esperando el inicio de un trabajo dependiente?|2020=Esperando el inicio de un trabajo dependiente?|2024=Esperando el inicio de un trabajo dependiente (como obrero, empleado, o|2025=Esperando el inicio de un trabajo dependiente (como obrero, empleado, o",True
05,p546,3,2019,"Esperando el inicio de un trabajo dependiente (como obrero, empleado, o trabajador del hogar)","Esperando el inicio de un trabajo dependiente (como obrero, empleado, o trabajador del hogar)","2004,2005,2006,2007,2008,2009,2010,2011,2012,2013,2014,2015,2016,2020,2024,2025","2004=Esperando el inicio de un trabajo dependiente?|2005=Esperando el inicio de un trabajo dependiente?|2006=Esperando el inicio de un trabajo dependiente?|2007=Esperando el inicio de un trabajo dependiente?|2008=Esperando el inicio de un trabajo dependiente?|2009=Esperando el inicio de un trabajo dependiente?|2010=Esperando el inicio de un trabajo dependiente?|2012=Esperando el inicio de un trabajo dependiente?|2013=Esperando el inicio de un trabajo dependiente?|2014=Esperando el inicio de un trabajo dependiente?|2015=Esperando el inicio de un trabajo dependiente?|2016=Esperando el inicio de un trabajo dependiente?|2020=Esperando el inicio de un trabajo dependiente?|2024=Esperando el inicio de un trabajo dependiente (como obrero, empleado, o|2025=Esperando el inicio de un trabajo dependiente (como obrero, empleado, o",True
05,p546,3,2021,"Esperando el inicio de un trabajo dependiente (como obrero, empleado, o trabajador del hogar)","Esperando el inicio de un trabajo dependiente (como obrero, empleado, o trabajador del hogar)","2004,2005,2006,2007,2008,2009,2010,2011,2012,2013,2014,2015,2016,2020,2024,2025","2004=Esperando el inicio de un trabajo dependiente?|2005=Esperando el inicio de un trabajo dependiente?|2006=Esperando el inicio de un trabajo dependiente?|2007=Esperando el inicio de un trabajo dependiente?|2008=Esperando el inicio de un trabajo dependiente?|2009=Esperando el inicio de un trabajo dependiente?|2010=Esperando el inicio de un trabajo dependiente?|2012=Esperando el inicio de un trabajo dependiente?|2013=Esperando el inicio de un trabajo dependiente?|2014=Esperando el inicio de un trabajo dependiente?|2015=Esperando el inicio de un trabajo dependiente?|2016=Esperando el inicio de un trabajo dependiente?|2020=Esperando el inicio de un trabajo dependiente?|2024=Esperando el inicio de un trabajo dependiente (como obrero, empleado, o|2025=Esperando el inicio de un trabajo dependiente (como obrero, empleado, o",True
05,p546,3,2022,"Esperando el inicio de un trabajo dependiente (como obrero, empleado, o trabajador del hogar)","Esperando el inicio de un trabajo dependiente (como obrero, empleado, o trabajador del hogar)","2004,2005,2006,2007,2008,2009,2010,2011,2012,2013,2014,2015,2016,2020,2024,2025","2004=Esperando el inicio de un trabajo dependiente?|2005=Esperando el inicio de un trabajo dependiente?|2006=Esperando el inicio de un trabajo dependiente?|2007=Esperando el inicio de un trabajo dependiente?|2008=Esperando el inicio de un trabajo dependiente?|2009=Esperando el inicio de un trabajo dependiente?|2010=Esperando el inicio de un trabajo dependiente?|2012=Esperando el inicio de un trabajo dependiente?|2013=Esperando el inicio de un trabajo dependiente?|2014=Esperando el inicio de un trabajo dependiente?|2015=Esperando el inicio de un trabajo dependiente?|2016=Esperando el inicio de un trabajo dependiente?|2020=Esperando el inicio de un trabajo dependiente?|2024=Esperando el inicio de un trabajo dependiente (como obrero, empleado, o|2025=Esperando el inicio de un trabajo dependiente (como obrero, empleado, o",True
05,p546,3,2023,"Esperando el inicio de un trabajo dependiente (como obrero, empleado, o trabajador del hogar)","Esperando el inicio de un trabajo dependiente (como obrero, empleado, o trabajador del hogar)","2004,2005,2006,2007,2008,2009,2010,2011,2012,2013,2014,2015,2016,2020,2024,2025","2004=Esperando el inicio de un trabajo dependiente?|2005=Esperando el inicio de un trabajo dependiente?|2006=Esperando el inicio de un trabajo dependiente?|2007=Esperando el inicio de un trabajo dependiente?|2008=Esperando el inicio de un trabajo dependiente?|2009=Esperando el inicio de un trabajo dependiente?|2010=Esperando el inicio de un trabajo dependiente?|2012=Esperando el inicio de un trabajo dependiente?|2013=Esperando el inicio de un trabajo dependiente?|2014=Esperando el inicio de un trabajo dependiente?|2015=Esperando el inicio de un trabajo dependiente?|2016=Esperando el inicio de un trabajo dependiente?|2020=Esperando el inicio de un trabajo dependiente?|2024=Esperando el inicio de un trabajo dependiente (como obrero, empleado, o|2025=Esperando el inicio de un trabajo dependiente (como obrero, empleado, o",True
05,p550,1,2017,Empleador / patrono,empleador / patrono,"2004,2005,2006,2007,2008,2009,2010,2011,2012,2013,2014,2015,2016",2004=Empleador o Patrono|2005=Empleador o Patrono|2006=Empleador o Patrono|2007=Empleador o Patrono|2008=Empleador o Patrono|2009=Empleador o Patrono|2010=Empleador o Patrono|2011=Empleador o Patrono|2013=Empleador o Patrono|2014=Empleador o Patrono|2015=Empleador o Patrono|2016=Empleador o Patrono,True
05,p550,1,2018,Empleador / patrono,empleador / patrono,"2004,2005,2006,2007,2008,2009,2010,2011,2012,2013,2014,2015,2016",2004=Empleador o Patrono|2005=Empleador o Patrono|2006=Empleador o Patrono|2007=Empleador o Patrono|2008=Empleador o Patrono|2009=Empleador o Patrono|2010=Empleador o Patrono|2011=Empleador o Patrono|2013=Empleador o Patrono|2014=Empleador o Patrono|2015=Empleador o Patrono|2016=Empleador o Patrono,True
05,p550,1,2019,Empleador / patrono,empleador / patrono,"2004,2005,2006,2007,2008,2009,2010,2011,2012,2013,2014,2015,2016",2004=Empleador o Patrono|2005=Empleador o Patrono|2006=Empleador o Patrono|2007=Empleador o Patrono|2008=Empleador o Patrono|2009=Empleador o Patrono|2010=Empleador o Patrono|2011=Empleador o Patrono|2013=Empleador o Patrono|2014=Empleador o Patrono|2015=Empleador o Patrono|2016=Empleador o Patrono,True
05,p5563f,1,2017,Empresa de transf. de fondo (etf),Empresa de Transf. de Fondo (ETF),"2007,2008,2009,2010,2011,2012,2013,2014,2015,2016,2020,2024,2025",2007=Empresa de transferencia de fondo|2008=Empresa de transferencia de fondo|2009=Empresa de transferencia de fondo|2010=Empresa de transferencia de fondo|2011=Empresa de transferencia de fondo|2012=Empresa de transferencia de fondo|2013=Empresa de transferencia de fondo|2014=Empresa de transferencia de fondo|2015=Empresa de transferencia de fondo|2016=Empresa de transferencia de fondo|2020=Empresa de transferencia de fondo,True
05,p5563f,1,2018,Empresa de transf. de fondo (etf),Empresa de Transf. de Fondo (ETF),"2007,2008,2009,2010,2011,2012,2013,2014,2015,2016,2020,2024,2025",2007=Empresa de transferencia de fondo|2008=Empresa de transferencia de fondo|2009=Empresa de transferencia de fondo|2010=Empresa de transferencia de fondo|2011=Empresa de transferencia de fondo|2012=Empresa de transferencia de fondo|2013=Empresa de transferencia de fondo|2014=Empresa de transferencia de fondo|2015=Empresa de transferencia de fondo|2016=Empresa de transferencia de fondo|2020=Empresa de transferencia de fondo,True
05,p5563f,1,2019,Empresa de transf. de fondo (etf),Empresa de Transf. de Fondo (ETF),"2007,2008,2009,2010,2011,2012,2013,2014,2015,2016,2020,2024,2025",2007=Empresa de transferencia de fondo|2008=Empresa de transferencia de fondo|2009=Empresa de transferencia de fondo|2010=Empresa de transferencia de fondo|2011=Empresa de transferencia de fondo|2012=Empresa de transferencia de fondo|2013=Empresa de transferencia de fondo|2014=Empresa de transferencia de fondo|2015=Empresa de transferencia de fondo|2016=Empresa de transferencia de fondo|2020=Empresa de transferencia de fondo,True
05,p5563f,1,2021,Empresa de transf. de fondo (etf),Empresa de Transf. de Fondo (ETF),"2007,2008,2009,2010,2011,2012,2013,2014,2015,2016,2020,2024,2025",2007=Empresa de transferencia de fondo|2008=Empresa de transferencia de fondo|2009=Empresa de transferencia de fondo|2010=Empresa de transferencia de fondo|2011=Empresa de transferencia de fondo|2012=Empresa de transferencia de fondo|2013=Empresa de transferencia de fondo|2014=Empresa de transferencia de fondo|2015=Empresa de transferencia de fondo|2016=Empresa de transferencia de fondo|2020=Empresa de transferencia de fondo,True
05,p5563f,1,2022,Empresa de transf. de fondo (etf),Empresa de Transf. de Fondo (ETF),"2007,2008,2009,2010,2011,2012,2013,2014,2015,2016,2020,2024,2025",2007=Empresa de transferencia de fondo|2008=Empresa de transferencia de fondo|2009=Empresa de transferencia de fondo|2010=Empresa de transferencia de fondo|2011=Empresa de transferencia de fondo|2012=Empresa de transferencia de fondo|2013=Empresa de transferencia de fondo|2014=Empresa de transferencia de fondo|2015=Empresa de transferencia de fondo|2016=Empresa de transferencia de fondo|2020=Empresa de transferencia de fondo,True
05,p5563f,1,2023,Empresa de transf. de fondo (etf),Empresa de Transf. de Fondo (ETF),"2007,2008,2009,2010,2011,2012,2013,2014,2015,2016,2020,2024,2025",2007=Empresa de transferencia de fondo|2008=Empresa de transferencia de fondo|2009=Empresa de transferencia de fondo|2010=Empresa de transferencia de fondo|2011=Empresa de transferencia de fondo|2012=Empresa de transferencia de fondo|2013=Empresa de transferencia de fondo|2014=Empresa de transferencia de fondo|2015=Empresa de transferencia de fondo|2016=Empresa de transferencia de fondo|2020=Empresa de transferencia de fondo,True
05,p558a3,3,2004,Sistema nacional de pensiones: ley 20530,Sistema nacional de pensiones: Ley 20530,"2013,2014,2016,2020,2024,2025",2013=Sistema Nacional de Pensiones–Ley 20530 (Cédula viva)|2014=Sistema Nacional de Pensiones–Ley 20530 (Cédula viva)|2016=Sistema Nacional de Pensiones – Ley 20530 (Cédula viva)|2020=Sistema Nacional de Pensiones – Ley 20530 (Cédula viva)|2024=Sistema Nacional de Pensiones Ley 20530 (cédula viva)|2025=Sistema Nacional de Pensiones Ley 20530 (cédula viva),True
05,p558a3,3,2005,Sistema nacional de pensiones: ley 20530,Sistema nacional de pensiones: Ley 20530,"2013,2014,2016,2020,2024,2025",2013=Sistema Nacional de Pensiones–Ley 20530 (Cédula viva)|2014=Sistema Nacional de Pensiones–Ley 20530 (Cédula viva)|2016=Sistema Nacional de Pensiones – Ley 20530 (Cédula viva)|2020=Sistema Nacional de Pensiones – Ley 20530 (Cédula viva)|2024=Sistema Nacional de Pensiones Ley 20530 (cédula viva)|2025=Sistema Nacional de Pensiones Ley 20530 (cédula viva),True
05,p558a3,3,2006,Sistema nacional de pensiones: ley 20530,Sistema nacional de pensiones: Ley 20530,"2013,2014,2016,2020,2024,2025",2013=Sistema Nacional de Pensiones–Ley 20530 (Cédula viva)|2014=Sistema Nacional de Pensiones–Ley 20530 (Cédula viva)|2016=Sistema Nacional de Pensiones – Ley 20530 (Cédula viva)|2020=Sistema Nacional de Pensiones – Ley 20530 (Cédula viva)|2024=Sistema Nacional de Pensiones Ley 20530 (cédula viva)|2025=Sistema Nacional de Pensiones Ley 20530 (cédula viva),True
05,p558a3,3,2017,Sistema nacional de pensiones: ley 20530,Sistema nacional de pensiones: Ley 20530,"2013,2014,2016,2020,2024,2025",2013=Sistema Nacional de Pensiones–Ley 20530 (Cédula viva)|2014=Sistema Nacional de Pensiones–Ley 20530 (Cédula viva)|2016=Sistema Nacional de Pensiones – Ley 20530 (Cédula viva)|2020=Sistema Nacional de Pensiones – Ley 20530 (Cédula viva)|2024=Sistema Nacional de Pensiones Ley 20530 (cédula viva)|2025=Sistema Nacional de Pensiones Ley 20530 (cédula viva),True
05,p558a3,3,2018,Sistema nacional de pensiones: ley 20530,Sistema nacional de pensiones: Ley 20530,"2013,2014,2016,2020,2024,2025",2013=Sistema Nacional de Pensiones–Ley 20530 (Cédula viva)|2014=Sistema Nacional de Pensiones–Ley 20530 (Cédula viva)|2016=Sistema Nacional de Pensiones – Ley 20530 (Cédula viva)|2020=Sistema Nacional de Pensiones – Ley 20530 (Cédula viva)|2024=Sistema Nacional de Pensiones Ley 20530 (cédula viva)|2025=Sistema Nacional de Pensiones Ley 20530 (cédula viva),True
05,p558a3,3,2019,Sistema nacional de pensiones: ley 20530,Sistema nacional de pensiones: Ley 20530,"2013,2014,2016,2020,2024,2025",2013=Sistema Nacional de Pensiones–Ley 20530 (Cédula viva)|2014=Sistema Nacional de Pensiones–Ley 20530 (Cédula viva)|2016=Sistema Nacional de Pensiones – Ley 20530 (Cédula viva)|2020=Sistema Nacional de Pensiones – Ley 20530 (Cédula viva)|2024=Sistema Nacional de Pensiones Ley 20530 (cédula viva)|2025=Sistema Nacional de Pensiones Ley 20530 (cédula viva),True
05,p558a3,3,2021,Sistema nacional de pensiones: ley 20530,Sistema nacional de pensiones: Ley 20530,"2013,2014,2016,2020,2024,2025",2013=Sistema Nacional de Pensiones–Ley 20530 (Cédula viva)|2014=Sistema Nacional de Pensiones–Ley 20530 (Cédula viva)|2016=Sistema Nacional de Pensiones – Ley 20530 (Cédula viva)|2020=Sistema Nacional de Pensiones – Ley 20530 (Cédula viva)|2024=Sistema Nacional de Pensiones Ley 20530 (cédula viva)|2025=Sistema Nacional de Pensiones Ley 20530 (cédula viva),True
05,p558a3,3,2022,Sistema nacional de pensiones: ley 20530,Sistema nacional de pensiones: Ley 20530,"2013,2014,2016,2020,2024,2025",2013=Sistema Nacional de Pensiones–Ley 20530 (Cédula viva)|2014=Sistema Nacional de Pensiones–Ley 20530 (Cédula viva)|2016=Sistema Nacional de Pensiones – Ley 20530 (Cédula viva)|2020=Sistema Nacional de Pensiones – Ley 20530 (Cédula viva)|2024=Sistema Nacional de Pensiones Ley 20530 (cédula viva)|2025=Sistema Nacional de Pensiones Ley 20530 (cédula viva),True
05,p558a3,3,2023,Sistema nacional de pensiones: ley 20530,Sistema nacional de pensiones: Ley 20530,"2013,2014,2016,2020,2024,2025",2013=Sistema Nacional de Pensiones–Ley 20530 (Cédula viva)|2014=Sistema Nacional de Pensiones–Ley 20530 (Cédula viva)|2016=Sistema Nacional de Pensiones – Ley 20530 (Cédula viva)|2020=Sistema Nacional de Pensiones – Ley 20530 (Cédula viva)|2024=Sistema Nacional de Pensiones Ley 20530 (cédula viva)|2025=Sistema Nacional de Pensiones Ley 20530 (cédula viva),True
05,p558a5,5,2004,No esta afiiado,No esta afiiado,"2013,2014,2016,2020,2024,2025",2013=No está filiado|2014=No está filiado|2016=No está filiado|2024=No está afiliado|2025=No está afiliado,True
05,p558a5,5,2005,No esta afiiado,No esta afiiado,"2013,2014,2016,2020,2024,2025",2013=No está filiado|2014=No está filiado|2016=No está filiado|2024=No está afiliado|2025=No está afiliado,True
05,p558a5,5,2006,No esta afiiado,No esta afiiado,"2013,2014,2016,2020,2024,2025",2013=No está filiado|2014=No está filiado|2016=No está filiado|2024=No está afiliado|2025=No está afiliado,True
05,p558a5,5,2017,No esta afiiado,No esta afiiado,"2013,2014,2016,2020,2024,2025",2013=No está filiado|2014=No está filiado|2016=No está filiado|2024=No está afiliado|2025=No está afiliado,True
05,p558a5,5,2018,No esta afiiado,No esta afiiado,"2013,2014,2016,2020,2024,2025",2013=No está filiado|2014=No está filiado|2016=No está filiado|2024=No está afiliado|2025=No está afiliado,True
05,p558a5,5,2019,No esta afiiado,No esta afiiado,"2013,2014,2016,2020,2024,2025",2013=No está filiado|2014=No está filiado|2016=No está filiado|2024=No está afiliado|2025=No está afiliado,True
05,p558a5,5,2021,No esta afiiado,No esta afiiado,"2013,2014,2016,2020,2024,2025",2013=No está filiado|2014=No está filiado|2016=No está filiado|2024=No está afiliado|2025=No está afiliado,True
05,p558a5,5,2022,No esta afiiado,No esta afiiado,"2013,2014,2016,2020,2024,2025",2013=No está filiado|2014=No está filiado|2016=No está filiado|2024=No está afiliado|2025=No está afiliado,True
05,p558a5,5,2023,No esta afiiado,No esta afiiado,"2013,2014,2016,2020,2024,2025",2013=No está filiado|2014=No está filiado|2016=No está filiado|2024=No está afiliado|2025=No está afiliado,True
05,p558e1_7,7,2021,Cuenta compensacion por tiempo de servicios-cts,Cuenta compensacion por tiempo de servicios-CTS,"2020,2024,2025",2020=CTS|2024=Cuenta compensación por tiempo de servicio CTS|2025=Cuenta compensación por tiempo de servicio CTS,True
05,p558e1_7,7,2022,Cuenta compensacion por tiempo de servicios-cts,Cuenta compensacion por tiempo de servicios-CTS,"2020,2024,2025",2020=CTS|2024=Cuenta compensación por tiempo de servicio CTS|2025=Cuenta compensación por tiempo de servicio CTS,True
05,p558e1_7,7,2023,Cuenta compensacion por tiempo de servicios-cts,Cuenta compensacion por tiempo de servicios-CTS,"2020,2024,2025",2020=CTS|2024=Cuenta compensación por tiempo de servicio CTS|2025=Cuenta compensación por tiempo de servicio CTS,True
05,p558f1a,5,2021,Otro,Otro,"2020,2024,2025",2020=Otros|2025=Otro (especifique),True
05,p558f1a,5,2022,Otro,Otro,"2020,2024,2025",2020=Otros|2025=Otro (especifique),True
05,p558f1a,5,2023,Otro,Otro,"2020,2024,2025",2020=Otros|2025=Otro (especifique),True
05,p558g8,8,2024,"Ahorró guardando dinero en un banco, financiera, caja de ahorro y crédito, cooperativa","Ahorró guardando dinero en un banco, financiera, caja de ahorro y crédito, cooperativa",2025,"2025=Ahorró guardando dinero en un banco,financiera, caja de ahorro y",True
05,p560b3,4,2004,Telefono,telefono,"2005,2006,2007,2008,2009,2010,2011",2005=Teléfono público|2006=Teléfono público|2007=Teléfono público|2008=Teléfono público|2009=Teléfono público|2010=Teléfono público|2011=Teléfono público,True
05,p599,1,2017,Trabajador independiente en la actividad pral.,Trabajador independiente en la actividad pral.,"2004,2005,2006,2007,2008,2009,2010,2011,2012,2013,2014,2015,2016,2020,2024,2025",2004=Actividad Principal|2005=Actividad Principal|2006=Actividad Principal|2007=Actividad Principal|2008=Actividad Principal|2009=Actividad Principal|2010=Actividad Principal|2011=Actividad Principal|2012=Actividad Principal|2013=Actividad Principal|2014=Actividad Principal|2015=Actividad Principal|2016=Actividad Principal|2020=Trabajador independiente en la actividad principal|2024=Trabajador independiente en la actividad principal|2025=Trabajador independiente en la actividad principal,True
05,p599,2,2017,Trabajador independiente en la actividad secun.,Trabajador independiente en la actividad secun.,"2004,2005,2006,2007,2008,2009,2010,2011,2012,2013,2014,2015,2016,2020,2024,2025",2004=Actividad Secundaria|2005=Actividad Secundaria|2006=Actividad Secundaria|2007=Actividad Secundaria|2008=Actividad Secundaria|2009=Actividad Secundaria|2010=Actividad Secundaria|2011=Actividad Secundaria|2012=Actividad Secundaria|2013=Actividad Secundaria|2014=Actividad Secundaria|2015=Actividad Secundaria|2016=Actividad Secundaria|2020=Trabajador independiente en la actividad secundaria|2024=Trabajador independiente en la actividad secundaria|2025=Trabajador independiente en la actividad secundaria,True
05,p599,3,2017,Trabajador independiente en la actividad pral. y secun.,Trabajador independiente en la actividad pral. y secun.,"2004,2005,2006,2007,2008,2009,2010,2011,2012,2013,2014,2015,2016,2020,2024,2025",2004=Ambas Actividades|2005=Ambas Actividades|2006=Ambas Actividades|2007=Ambas Actividades|2008=Ambas Actividades|2009=Ambas Actividades|2010=Ambas Actividades|2011=Ambas Actividades|2012=Ambas Actividades|2013=Ambas Actividades|2014=Ambas Actividades|2015=Ambas Actividades|2016=Ambas Actividades|2020=Trabajador independiente en la actividad principal y secundaria|2024=Trabajador independiente en la actividad principal y secundaria|2025=Trabajador independiente en la actividad principal y secundaria,True
05,p599,1,2018,Trabajador independiente en la actividad pral.,Trabajador independiente en la actividad pral.,"2004,2005,2006,2007,2008,2009,2010,2011,2012,2013,2014,2015,2016,2020,2024,2025",2004=Actividad Principal|2005=Actividad Principal|2006=Actividad Principal|2007=Actividad Principal|2008=Actividad Principal|2009=Actividad Principal|2010=Actividad Principal|2011=Actividad Principal|2012=Actividad Principal|2013=Actividad Principal|2014=Actividad Principal|2015=Actividad Principal|2016=Actividad Principal|2020=Trabajador independiente en la actividad principal|2024=Trabajador independiente en la actividad principal|2025=Trabajador independiente en la actividad principal,True
05,p599,2,2018,Trabajador independiente en la actividad secun.,Trabajador independiente en la actividad secun.,"2004,2005,2006,2007,2008,2009,2010,2011,2012,2013,2014,2015,2016,2020,2024,2025",2004=Actividad Secundaria|2005=Actividad Secundaria|2006=Actividad Secundaria|2007=Actividad Secundaria|2008=Actividad Secundaria|2009=Actividad Secundaria|2010=Actividad Secundaria|2011=Actividad Secundaria|2012=Actividad Secundaria|2013=Actividad Secundaria|2014=Actividad Secundaria|2015=Actividad Secundaria|2016=Actividad Secundaria|2020=Trabajador independiente en la actividad secundaria|2024=Trabajador independiente en la actividad secundaria|2025=Trabajador independiente en la actividad secundaria,True
05,p599,3,2018,Trabajador independiente en la actividad pral. y secun.,Trabajador independiente en la actividad pral. y secun.,"2004,2005,2006,2007,2008,2009,2010,2011,2012,2013,2014,2015,2016,2020,2024,2025",2004=Ambas Actividades|2005=Ambas Actividades|2006=Ambas Actividades|2007=Ambas Actividades|2008=Ambas Actividades|2009=Ambas Actividades|2010=Ambas Actividades|2011=Ambas Actividades|2012=Ambas Actividades|2013=Ambas Actividades|2014=Ambas Actividades|2015=Ambas Actividades|2016=Ambas Actividades|2020=Trabajador independiente en la actividad principal y secundaria|2024=Trabajador independiente en la actividad principal y secundaria|2025=Trabajador independiente en la actividad principal y secundaria,True
05,p599,1,2019,Trabajador independiente en la actividad pral.,Trabajador independiente en la actividad pral.,"2004,2005,2006,2007,2008,2009,2010,2011,2012,2013,2014,2015,2016,2020,2024,2025",2004=Actividad Principal|2005=Actividad Principal|2006=Actividad Principal|2007=Actividad Principal|2008=Actividad Principal|2009=Actividad Principal|2010=Actividad Principal|2011=Actividad Principal|2012=Actividad Principal|2013=Actividad Principal|2014=Actividad Principal|2015=Actividad Principal|2016=Actividad Principal|2020=Trabajador independiente en la actividad principal|2024=Trabajador independiente en la actividad principal|2025=Trabajador independiente en la actividad principal,True
05,p599,2,2019,Trabajador independiente en la actividad secun.,Trabajador independiente en la actividad secun.,"2004,2005,2006,2007,2008,2009,2010,2011,2012,2013,2014,2015,2016,2020,2024,2025",2004=Actividad Secundaria|2005=Actividad Secundaria|2006=Actividad Secundaria|2007=Actividad Secundaria|2008=Actividad Secundaria|2009=Actividad Secundaria|2010=Actividad Secundaria|2011=Actividad Secundaria|2012=Actividad Secundaria|2013=Actividad Secundaria|2014=Actividad Secundaria|2015=Actividad Secundaria|2016=Actividad Secundaria|2020=Trabajador independiente en la actividad secundaria|2024=Trabajador independiente en la actividad secundaria|2025=Trabajador independiente en la actividad secundaria,True
05,p599,3,2019,Trabajador independiente en la actividad pral. y secun.,Trabajador independiente en la actividad pral. y secun.,"2004,2005,2006,2007,2008,2009,2010,2011,2012,2013,2014,2015,2016,2020,2024,2025",2004=Ambas Actividades|2005=Ambas Actividades|2006=Ambas Actividades|2007=Ambas Actividades|2008=Ambas Actividades|2009=Ambas Actividades|2010=Ambas Actividades|2011=Ambas Actividades|2012=Ambas Actividades|2013=Ambas Actividades|2014=Ambas Actividades|2015=Ambas Actividades|2016=Ambas Actividades|2020=Trabajador independiente en la actividad principal y secundaria|2024=Trabajador independiente en la actividad principal y secundaria|2025=Trabajador independiente en la actividad principal y secundaria,True
05,p599,1,2021,Trabajador independiente en la actividad pral.,Trabajador independiente en la actividad pral.,"2004,2005,2006,2007,2008,2009,2010,2011,2012,2013,2014,2015,2016,2020,2024,2025",2004=Actividad Principal|2005=Actividad Principal|2006=Actividad Principal|2007=Actividad Principal|2008=Actividad Principal|2009=Actividad Principal|2010=Actividad Principal|2011=Actividad Principal|2012=Actividad Principal|2013=Actividad Principal|2014=Actividad Principal|2015=Actividad Principal|2016=Actividad Principal|2020=Trabajador independiente en la actividad principal|2024=Trabajador independiente en la actividad principal|2025=Trabajador independiente en la actividad principal,True
05,p599,2,2021,Trabajador independiente en la actividad secun.,Trabajador independiente en la actividad secun.,"2004,2005,2006,2007,2008,2009,2010,2011,2012,2013,2014,2015,2016,2020,2024,2025",2004=Actividad Secundaria|2005=Actividad Secundaria|2006=Actividad Secundaria|2007=Actividad Secundaria|2008=Actividad Secundaria|2009=Actividad Secundaria|2010=Actividad Secundaria|2011=Actividad Secundaria|2012=Actividad Secundaria|2013=Actividad Secundaria|2014=Actividad Secundaria|2015=Actividad Secundaria|2016=Actividad Secundaria|2020=Trabajador independiente en la actividad secundaria|2024=Trabajador independiente en la actividad secundaria|2025=Trabajador independiente en la actividad secundaria,True
05,p599,3,2021,Trabajador independiente en la actividad pral. y secun.,Trabajador independiente en la actividad pral. y secun.,"2004,2005,2006,2007,2008,2009,2010,2011,2012,2013,2014,2015,2016,2020,2024,2025",2004=Ambas Actividades|2005=Ambas Actividades|2006=Ambas Actividades|2007=Ambas Actividades|2008=Ambas Actividades|2009=Ambas Actividades|2010=Ambas Actividades|2011=Ambas Actividades|2012=Ambas Actividades|2013=Ambas Actividades|2014=Ambas Actividades|2015=Ambas Actividades|2016=Ambas Actividades|2020=Trabajador independiente en la actividad principal y secundaria|2024=Trabajador independiente en la actividad principal y secundaria|2025=Trabajador independiente en la actividad principal y secundaria,True
05,p599,1,2022,Trabajador independiente en la actividad pral.,Trabajador independiente en la actividad pral.,"2004,2005,2006,2007,2008,2009,2010,2011,2012,2013,2014,2015,2016,2020,2024,2025",2004=Actividad Principal|2005=Actividad Principal|2006=Actividad Principal|2007=Actividad Principal|2008=Actividad Principal|2009=Actividad Principal|2010=Actividad Principal|2011=Actividad Principal|2012=Actividad Principal|2013=Actividad Principal|2014=Actividad Principal|2015=Actividad Principal|2016=Actividad Principal|2020=Trabajador independiente en la actividad principal|2024=Trabajador independiente en la actividad principal|2025=Trabajador independiente en la actividad principal,True
05,p599,2,2022,Trabajador independiente en la actividad secun.,Trabajador independiente en la actividad secun.,"2004,2005,2006,2007,2008,2009,2010,2011,2012,2013,2014,2015,2016,2020,2024,2025",2004=Actividad Secundaria|2005=Actividad Secundaria|2006=Actividad Secundaria|2007=Actividad Secundaria|2008=Actividad Secundaria|2009=Actividad Secundaria|2010=Actividad Secundaria|2011=Actividad Secundaria|2012=Actividad Secundaria|2013=Actividad Secundaria|2014=Actividad Secundaria|2015=Actividad Secundaria|2016=Actividad Secundaria|2020=Trabajador independiente en la actividad secundaria|2024=Trabajador independiente en la actividad secundaria|2025=Trabajador independiente en la actividad secundaria,True
05,p599,3,2022,Trabajador independiente en la actividad pral. y secun.,Trabajador independiente en la actividad pral. y secun.,"2004,2005,2006,2007,2008,2009,2010,2011,2012,2013,2014,2015,2016,2020,2024,2025",2004=Ambas Actividades|2005=Ambas Actividades|2006=Ambas Actividades|2007=Ambas Actividades|2008=Ambas Actividades|2009=Ambas Actividades|2010=Ambas Actividades|2011=Ambas Actividades|2012=Ambas Actividades|2013=Ambas Actividades|2014=Ambas Actividades|2015=Ambas Actividades|2016=Ambas Actividades|2020=Trabajador independiente en la actividad principal y secundaria|2024=Trabajador independiente en la actividad principal y secundaria|2025=Trabajador independiente en la actividad principal y secundaria,True
05,p599,1,2023,Trabajador independiente en la actividad pral.,Trabajador independiente en la actividad pral.,"2004,2005,2006,2007,2008,2009,2010,2011,2012,2013,2014,2015,2016,2020,2024,2025",2004=Actividad Principal|2005=Actividad Principal|2006=Actividad Principal|2007=Actividad Principal|2008=Actividad Principal|2009=Actividad Principal|2010=Actividad Principal|2011=Actividad Principal|2012=Actividad Principal|2013=Actividad Principal|2014=Actividad Principal|2015=Actividad Principal|2016=Actividad Principal|2020=Trabajador independiente en la actividad principal|2024=Trabajador independiente en la actividad principal|2025=Trabajador independiente en la actividad principal,True
05,p599,2,2023,Trabajador independiente en la actividad secun.,Trabajador independiente en la actividad secun.,"2004,2005,2006,2007,2008,2009,2010,2011,2012,2013,2014,2015,2016,2020,2024,2025",2004=Actividad Secundaria|2005=Actividad Secundaria|2006=Actividad Secundaria|2007=Actividad Secundaria|2008=Actividad Secundaria|2009=Actividad Secundaria|2010=Actividad Secundaria|2011=Actividad Secundaria|2012=Actividad Secundaria|2013=Actividad Secundaria|2014=Actividad Secundaria|2015=Actividad Secundaria|2016=Actividad Secundaria|2020=Trabajador independiente en la actividad secundaria|2024=Trabajador independiente en la actividad secundaria|2025=Trabajador independiente en la actividad secundaria,True
05,p599,3,2023,Trabajador independiente en la actividad pral. y secun.,Trabajador independiente en la actividad pral. y secun.,"2004,2005,2006,2007,2008,2009,2010,2011,2012,2013,2014,2015,2016,2020,2024,2025",2004=Ambas Actividades|2005=Ambas Actividades|2006=Ambas Actividades|2007=Ambas Actividades|2008=Ambas Actividades|2009=Ambas Actividades|2010=Ambas Actividades|2011=Ambas Actividades|2012=Ambas Actividades|2013=Ambas Actividades|2014=Ambas Actividades|2015=Ambas Actividades|2016=Ambas Actividades|2020=Trabajador independiente en la actividad principal y secundaria|2024=Trabajador independiente en la actividad principal y secundaria|2025=Trabajador independiente en la actividad principal y secundaria,True
01,p1132,1,2017,Gas glp,gas glp,"2004,2005,2006,2007,2008,2009,2010,2011,2012,2013,2014,2015,2016,2020,2024,2025",2024=Gas (Balón GLP)|2025=Gas (Balón GLP),True
01,p1132,1,2018,Gas glp,gas glp,"2004,2005,2006,2007,2008,2009,2010,2011,2012,2013,2014,2015,2016,2020,2024,2025",2024=Gas (Balón GLP)|2025=Gas (Balón GLP),True
01,p1132,1,2019,Gas glp,gas glp,"2004,2005,2006,2007,2008,2009,2010,2011,2012,2013,2014,2015,2016,2020,2024,2025",2024=Gas (Balón GLP)|2025=Gas (Balón GLP),True
01,p1133,1,2017,Gas natural,gas natural,"2004,2005,2006,2007,2008,2009,2010,2011,2012,2013,2014,2015,2016,2020,2024,2025",2024=Gas Natural (sistema de tuberías)|2025=Gas Natural (sistema de tuberías),True
01,p1133,1,2018,Gas natural,gas natural,"2004,2005,2006,2007,2008,2009,2010,2011,2012,2013,2014,2015,2016,2020,2024,2025",2024=Gas Natural (sistema de tuberías)|2025=Gas Natural (sistema de tuberías),True
01,p1133,1,2019,Gas natural,gas natural,"2004,2005,2006,2007,2008,2009,2010,2011,2012,2013,2014,2015,2016,2020,2024,2025",2024=Gas Natural (sistema de tuberías)|2025=Gas Natural (sistema de tuberías),True
01,p1144,1,2017,Conexion a internet,conexion a internet,"2004,2005,2008,2009,2010,2011,2012,2013,2014,2015,2016,2020,2024,2025",2024=Conexión a Internet(fijo/móvil)|2025=Conexión a Internet(fijo/móvil),True
01,p1144,1,2018,Conexion a internet,conexion a internet,"2004,2005,2008,2009,2010,2011,2012,2013,2014,2015,2016,2020,2024,2025",2024=Conexión a Internet(fijo/móvil)|2025=Conexión a Internet(fijo/móvil),True
01,p1144,1,2019,Conexion a internet,conexion a internet,"2004,2005,2008,2009,2010,2011,2012,2013,2014,2015,2016,2020,2024,2025",2024=Conexión a Internet(fijo/móvil)|2025=Conexión a Internet(fijo/móvil),True
37,p701_03,1,2017,"Desayuno escolar en institucion educactiva de inicial, etc.","Desayuno Escolar en Institucion Educactiva de Inicial, etc.","2012,2013,2014,2015,2016,2020,2025","2016=Desayunos escolares en instituciones educactivas de inicial, pronoei o",True
37,p701_03,1,2018,"Desayuno escolar en institucion educactiva de inicial, etc.","Desayuno Escolar en Institucion Educactiva de Inicial, etc.","2012,2013,2014,2015,2016,2020,2025","2016=Desayunos escolares en instituciones educactivas de inicial, pronoei o",True
37,p701_03,1,2019,"Desayuno escolar en institucion educactiva de inicial, etc.","Desayuno Escolar en Institucion Educactiva de Inicial, etc.","2012,2013,2014,2015,2016,2020,2025","2016=Desayunos escolares en instituciones educactivas de inicial, pronoei o",True
37,p701_04,1,2017,"Almuerzo escolar en institucion educactiva de inicial, etc","Almuerzo Escolar en Institucion Educactiva de Inicial, etc","2012,2013,2014,2015,2016,2020,2025",2016=Almuerzos escolares en instituciones educactivas de inicial pronoei o,True
37,p701_04,1,2018,"Almuerzo escolar en institucion educactiva de inicial, etc","Almuerzo Escolar en Institucion Educactiva de Inicial, etc","2012,2013,2014,2015,2016,2020,2025",2016=Almuerzos escolares en instituciones educactivas de inicial pronoei o,True
37,p701_04,1,2019,"Almuerzo escolar en institucion educactiva de inicial, etc","Almuerzo Escolar en Institucion Educactiva de Inicial, etc","2012,2013,2014,2015,2016,2020,2025",2016=Almuerzos escolares en instituciones educactivas de inicial pronoei o,True
37,p701_05,1,2017,Atencion alimentaria  wawa wasi/cuna mas,Atencion Alimentaria  Wawa Wasi/Cuna Mas,"2012,2013,2014,2015,2016,2020,2025",2016=Atención alimentaria wawa wasi/cuna más (servicio de cuidado diurno),True
37,p701_05,1,2018,Atencion alimentaria  wawa wasi/cuna mas,Atencion Alimentaria  Wawa Wasi/Cuna Mas,"2012,2013,2014,2015,2016,2020,2025",2016=Atención alimentaria wawa wasi/cuna más (servicio de cuidado diurno),True
37,p701_05,1,2019,Atencion alimentaria  wawa wasi/cuna mas,Atencion Alimentaria  Wawa Wasi/Cuna Mas,"2012,2013,2014,2015,2016,2020,2025",2016=Atención alimentaria wawa wasi/cuna más (servicio de cuidado diurno),True
37,p701_06,1,2017,Otro/a,Otro/a,"2012,2013,2014,2015,2016,2020,2025",2016=Otro,True
37,p701_06,1,2018,Otro/a,Otro/a,"2012,2013,2014,2015,2016,2020,2025",2016=Otro,True
37,p701_06,1,2019,Otro/a,Otro/a,"2012,2013,2014,2015,2016,2020,2025",2016=Otro,True
37,p701_07,1,2017,Otro/a,Otro/a,"2012,2013,2014,2015,2016,2020,2025",2016=Otro,True
37,p701_07,1,2018,Otro/a,Otro/a,"2012,2013,2014,2015,2016,2020,2025",2016=Otro,True
37,p701_07,1,2019,Otro/a,Otro/a,"2012,2013,2014,2015,2016,2020,2025",2016=Otro,True
37,p701_08,1,2017,Otro/a,Otro/a,"2012,2013,2014,2015,2016,2020,2025",2016=Otro,True
37,p701_08,1,2018,Otro/a,Otro/a,"2012,2013,2014,2015,2016,2020,2025",2016=Otro,True
37,p701_08,1,2019,Otro/a,Otro/a,"2012,2013,2014,2015,2016,2020,2025",2016=Otro,True
37,p710_01,1,2017,Prog. nacional wawa wasi/cuna mas-cuidado diurno,Prog. Nacional Wawa Wasi/Cuna Mas-Cuidado Diurno,"2012,2013,2014,2015,2016,2020,2025",2016=Programa nacional wawa wasi/cuna mas-cuidado diurno,True
37,p710_01,1,2018,Prog. nacional wawa wasi/cuna mas-cuidado diurno,Prog. Nacional Wawa Wasi/Cuna Mas-Cuidado Diurno,"2012,2013,2014,2015,2016,2020,2025",2016=Programa nacional wawa wasi/cuna mas-cuidado diurno,True
37,p710_01,1,2019,Prog. nacional wawa wasi/cuna mas-cuidado diurno,Prog. Nacional Wawa Wasi/Cuna Mas-Cuidado Diurno,"2012,2013,2014,2015,2016,2020,2025",2016=Programa nacional wawa wasi/cuna mas-cuidado diurno,True
37,p710_02,1,2017,Prog. nacional wawa wasi/cuna mas,Prog. Nacional Wawa Wasi/Cuna Mas,"2012,2013,2014,2015,2016,2020,2025",2016=Programa nacional wawa wasi/cuna mas-acompañamiento a familias,True
37,p710_02,1,2018,Prog. nacional wawa wasi/cuna mas,Prog. Nacional Wawa Wasi/Cuna Mas,"2012,2013,2014,2015,2016,2020,2025",2016=Programa nacional wawa wasi/cuna mas-acompañamiento a familias,True
37,p710_02,1,2019,Prog. nacional wawa wasi/cuna mas,Prog. Nacional Wawa Wasi/Cuna Mas,"2012,2013,2014,2015,2016,2020,2025",2016=Programa nacional wawa wasi/cuna mas-acompañamiento a familias,True
37,p710_03,1,2017,Prog. nacional contra la violencia familiar y sexual,Prog. Nacional contra la Violencia Familiar y Sexual,"2012,2013,2014,2015,2016,2020,2025",2016=Programa nacional contra la violencia familiar y sexual - centro de,True
37,p710_03,1,2018,Prog. nacional contra la violencia familiar y sexual,Prog. Nacional contra la Violencia Familiar y Sexual,"2012,2013,2014,2015,2016,2020,2025",2016=Programa nacional contra la violencia familiar y sexual - centro de,True
37,p710_03,1,2019,Prog. nacional contra la violencia familiar y sexual,Prog. Nacional contra la Violencia Familiar y Sexual,"2012,2013,2014,2015,2016,2020,2025",2016=Programa nacional contra la violencia familiar y sexual - centro de,True
37,p710_04,1,2017,Prog. de apoyo directo a los mas pobres - juntos,Prog. de Apoyo Directo a los mas Pobres - JUNTOS,"2012,2013,2014,2015,2016,2020,2025",2016=Programa de apoyo directo a los más pobres juntos,True
37,p710_04,1,2018,Prog. de apoyo directo a los mas pobres - juntos,Prog. de Apoyo Directo a los mas Pobres - JUNTOS,"2012,2013,2014,2015,2016,2020,2025",2016=Programa de apoyo directo a los más pobres juntos,True
37,p710_04,1,2019,Prog. de apoyo directo a los mas pobres - juntos,Prog. de Apoyo Directo a los mas Pobres - JUNTOS,"2012,2013,2014,2015,2016,2020,2025",2016=Programa de apoyo directo a los más pobres juntos,True
37,p710_05,1,2017,Prog. pension 65,Prog. Pension 65,"2012,2013,2014,2015,2016,2020,2025",2016=Programa pensión 65,True
37,p710_05,1,2018,Prog. pension 65,Prog. Pension 65,"2012,2013,2014,2015,2016,2020,2025",2016=Programa pensión 65,True
37,p710_05,1,2019,Prog. pension 65,Prog. Pension 65,"2012,2013,2014,2015,2016,2020,2025",2016=Programa pensión 65,True
37,p710_06,1,2017,Prog. de alfabetizacion,Prog. de Alfabetizacion,"2012,2013,2014,2015,2016,2020,2025",2016=Programa de alfabetización - dialfa (antes pronama)?,True
37,p710_06,1,2018,Prog. de alfabetizacion,Prog. de Alfabetizacion,"2012,2013,2014,2015,2016,2020,2025",2016=Programa de alfabetización - dialfa (antes pronama)?,True
37,p710_06,1,2019,Prog. de alfabetizacion,Prog. de Alfabetizacion,"2012,2013,2014,2015,2016,2020,2025",2016=Programa de alfabetización - dialfa (antes pronama)?,True
37,p710_07,1,2017,Prog. de capacitacion laboral juvenil jovenes productivos,Prog. de Capacitacion Laboral Juvenil Jovenes Productivos,"2012,2013,2014,2015,2016,2020,2025",2016=Programa de capacitación laboral juvenil “jóvenes productivos”,True
37,p710_07,1,2018,Prog. de capacitacion laboral juvenil jovenes productivos,Prog. de Capacitacion Laboral Juvenil Jovenes Productivos,"2012,2013,2014,2015,2016,2020,2025",2016=Programa de capacitación laboral juvenil “jóvenes productivos”,True
37,p710_07,1,2019,Prog. de capacitacion laboral juvenil jovenes productivos,Prog. de Capacitacion Laboral Juvenil Jovenes Productivos,"2012,2013,2014,2015,2016,2020,2025",2016=Programa de capacitación laboral juvenil “jóvenes productivos”,True
37,p710_08,1,2017,Prog. de empleo temporal llamkasum peru,Prog. de Empleo temporal Llamkasum Peru,"2012,2013,2014,2015,2016,2020,2025",2016=Programa nacional para la generación de empleo social inclusivo tabaja,True
37,p710_08,1,2018,Prog. de empleo temporal llamkasum peru,Prog. de Empleo temporal Llamkasum Peru,"2012,2013,2014,2015,2016,2020,2025",2016=Programa nacional para la generación de empleo social inclusivo tabaja,True
37,p710_08,1,2019,Prog. de empleo temporal llamkasum peru,Prog. de Empleo temporal Llamkasum Peru,"2012,2013,2014,2015,2016,2020,2025",2016=Programa nacional para la generación de empleo social inclusivo tabaja,True
37,p710_09,1,2017,Programa  nacional para la promoción de oportunidades laborales - impulsa perú,programa  nacional para la promoción de oportunidades laborales - impulsa perú,"2012,2013,2014,2015,2016,2020",2016=Perú?,True
37,p710_09,1,2018,Programa  nacional para la promoción de oportunidades laborales - impulsa perú,programa  nacional para la promoción de oportunidades laborales - impulsa perú,"2012,2013,2014,2015,2016,2020",2016=Perú?,True
37,p710_09,1,2019,Programa  nacional para la promoción de oportunidades laborales - impulsa perú,programa  nacional para la promoción de oportunidades laborales - impulsa perú,"2012,2013,2014,2015,2016,2020",2016=Perú?,True
37,p710_10,1,2017,Prog. beca 18,Prog. Beca 18,"2012,2013,2014,2015,2016,2020,2025",2016=Programa beca 18,True
37,p710_10,1,2018,Prog. beca 18,Prog. Beca 18,"2012,2013,2014,2015,2016,2020,2025",2016=Programa beca 18,True
37,p710_10,1,2019,Prog. beca 18,Prog. Beca 18,"2012,2013,2014,2015,2016,2020,2025",2016=Programa beca 18,True
85,p203_01,2,2016,Esposo(a)/compaã±ero(a),esposo(a)/compaÃ±ero(a),"2014,2015,2020,2021,2022,2023,2025",2021=Esposo(a)/compañero(a)|2022=Esposo(a)/compañero(a)|2023=Esposo(a)/compañero(a),True
85,p203_01,2,2017,Esposo(a)/compaã±ero(a),esposo(a)/compaÃ±ero(a),"2014,2015,2020,2021,2022,2023,2025",2021=Esposo(a)/compañero(a)|2022=Esposo(a)/compañero(a)|2023=Esposo(a)/compañero(a),True
85,p203_01,2,2018,Esposo(a)/compaã±ero(a),esposo(a)/compaÃ±ero(a),"2014,2015,2020,2021,2022,2023,2025",2021=Esposo(a)/compañero(a)|2022=Esposo(a)/compañero(a)|2023=Esposo(a)/compañero(a),True
85,p203_01,2,2019,Esposo(a)/compaã±ero(a),esposo(a)/compaÃ±ero(a),"2014,2015,2020,2021,2022,2023,2025",2021=Esposo(a)/compañero(a)|2022=Esposo(a)/compañero(a)|2023=Esposo(a)/compañero(a),True
85,p203_01,2,2024,Esposo(a)/compaã±ero(a),esposo(a)/compaÃ±ero(a),"2014,2015,2020,2021,2022,2023,2025",2021=Esposo(a)/compañero(a)|2022=Esposo(a)/compañero(a)|2023=Esposo(a)/compañero(a),True
85,p8_2,2,2007,A los ciudadanos,a los ciudadanos,"2004,2005,2006,2008,2009,2010,2020,2025",2006=No,True
85,p8_2,2,2011,A los ciudadanos,a los ciudadanos,"2004,2005,2006,2008,2009,2010,2020,2025",2006=No,True
85,p8_2,2,2014,A los ciudadanos,a los ciudadanos,"2004,2005,2006,2008,2009,2010,2020,2025",2006=No,True
85,p8_2,2,2015,A los ciudadanos,a los ciudadanos,"2004,2005,2006,2008,2009,2010,2020,2025",2006=No,True
85,p8_2,2,2016,A los ciudadanos,a los ciudadanos,"2004,2005,2006,2008,2009,2010,2020,2025",2006=No,True
85,p8_2,2,2017,A los ciudadanos,a los ciudadanos,"2004,2005,2006,2008,2009,2010,2020,2025",2006=No,True
85,p8_2,2,2018,A los ciudadanos,a los ciudadanos,"2004,2005,2006,2008,2009,2010,2020,2025",2006=No,True
85,p8_2,2,2019,A los ciudadanos,a los ciudadanos,"2004,2005,2006,2008,2009,2010,2020,2025",2006=No,True
85,p8_2,2,2021,A los ciudadanos,a los ciudadanos,"2004,2005,2006,2008,2009,2010,2020,2025",2006=No,True
85,p8_2,2,2022,A los ciudadanos,a los ciudadanos,"2004,2005,2006,2008,2009,2010,2020,2025",2006=No,True
85,p8_2,2,2023,A los ciudadanos,a los ciudadanos,"2004,2005,2006,2008,2009,2010,2020,2025",2006=No,True
85,p8_2,2,2024,A los ciudadanos,a los ciudadanos,"2004,2005,2006,2008,2009,2010,2020,2025",2006=No,True
